316.6455738	-0.1515434	620.2090000	437.1920000
317.0684909	-0.1487576	616.4650000	437.3340000
317.4914079	-0.1518686	620.6800000	437.2110000
317.9143250	-0.1498467	617.9040000	437.2730000
318.3372420	-0.1515914	620.5650000	437.4070000
318.7601591	-0.1485989	616.1840000	437.3020000
319.1830761	-0.1507728	619.4730000	437.4460000
319.6059932	-0.1501113	618.3610000	437.3150000
320.0289103	-0.1519582	621.0500000	437.3490000
320.4518273	-0.1520062	621.2200000	437.4250000
320.8747444	-0.1514579	620.6090000	437.5380000
321.2976614	-0.1537457	623.7150000	437.4150000
321.7205785	-0.1530190	622.9420000	437.6010000
322.1434955	-0.1540601	624.3580000	437.5530000
322.5664126	-0.1540007	624.3650000	437.6460000
322.9893296	-0.1233845	581.2360000	437.4090000
323.4122467	-0.1080036	561.2700000	437.5550000
323.8351637	-0.1013818	552.8170000	437.5760000
324.2580808	-0.0966332	546.8520000	437.6160000
324.6809978	-0.0974576	547.8630000	437.5790000
325.1039149	-0.0980620	548.7370000	437.6760000
325.5268320	-0.1010547	552.5050000	437.6260000
325.9497490	-0.1174672	574.0090000	437.7330000
326.3726661	-0.1996033	693.4870000	437.7500000
326.7955831	-0.0001810	438.0550000	437.8320000
327.2185002	3.1413064E-5	437.9650000	437.9530000
327.6414172	-0.0001100	438.0260000	437.8730000
328.0643343	-0.0002759	438.0840000	437.7650000
328.4872513	-0.0001352	438.1510000	437.9730000
328.9101684	-0.0002382	438.0750000	437.7950000
329.3330854	-1.6523457E-5	438.1390000	438.0840000
329.7560025	0.0001249	437.9550000	438.0430000
330.1789195	-4.6448484E-5	438.2130000	438.1280000
330.6018366	-3.8675036E-5	438.1650000	438.0890000
331.0247537	-1.7109974E-5	438.1360000	438.0820000
331.4476707	-3.2421469E-5	438.1770000	438.1070000
331.8705878	1.7543532E-5	438.1260000	438.1030000
332.2935048	-0.0001416	438.2260000	438.0470000
332.7164219	-0.0001484	438.4080000	438.2210000
333.1393389	-0.0001896	438.3330000	438.1050000
333.5622560	-0.0001772	438.3930000	438.1770000
333.9851730	-4.0053492E-5	438.2430000	438.1660000
334.4080901	-0.0002427	438.5200000	438.2360000
334.8310071	-0.0001560	438.3850000	438.1880000
335.2539242	-7.8733878E-5	438.3580000	438.2410000
335.6768412	-7.3800486E-5	438.4520000	438.3400000
336.0997583	-2.3381781E-5	438.5560000	438.4950000
336.5226754	-6.8072914E-5	438.4850000	438.3770000
336.9455924	-9.5559240E-5	438.6170000	438.4820000
337.3685095	-1.1514022E-5	438.4840000	438.4340000
337.7914265	9.8964332E-5	438.5270000	438.5870000
338.2143436	9.9850642E-5	438.3930000	438.4770000
338.6372606	0.0001766	438.3930000	438.5560000
339.0601777	3.3925756E-5	438.4810000	438.5010000
339.4830947	-2.4419896E-5	438.6230000	438.5860000
339.9060118	-4.9907870E-5	438.5120000	438.4480000
340.3289288	3.6985049E-5	438.6360000	438.6580000
340.7518459	-2.2548679E-5	438.6200000	438.5800000
341.1747630	-4.0203686E-5	438.7430000	438.6810000
341.5976800	2.8532498E-5	438.6050000	438.6340000
342.0205971	0.0001516	438.5640000	438.7170000
342.4435141	0.0002348	438.5510000	438.7880000
342.8664312	0.0001430	438.7020000	438.8460000
343.2893482	0.0001428	438.6680000	438.8120000
343.7122653	0.0001922	438.7130000	438.9070000
344.1351823	0.0002979	438.6220000	438.9240000
344.5580994	0.0001169	438.7870000	438.9050000
344.9810164	-1.1854798E-5	438.8530000	438.8410000
345.4039335	0.0001517	438.6900000	438.8440000
345.8268505	6.1384604E-5	438.9260000	438.9880000
346.2497676	7.6163862E-5	438.9410000	439.0180000
346.6726847	7.7026960E-5	438.8500000	438.9280000
347.0956017	0.0001904	438.9200000	439.1130000
347.5185188	0.0002370	438.7340000	438.9740000
347.9414358	0.0002624	438.9390000	439.2040000
348.3643529	7.8925461E-5	439.0440000	439.1240000
348.7872699	0.0001199	439.1200000	439.2410000
349.2101870	0.0001351	439.0350000	439.1710000
349.6331040	0.0001754	439.1630000	439.3400000
350.0560211	0.0003885	439.0090000	439.4020000
350.4789381	9.4431582E-5	439.2500000	439.3460000
350.9018552	0.0001219	439.0850000	439.2080000
351.3247722	8.8019233E-5	439.2210000	439.3100000
351.7476893	7.3048830E-5	439.1840000	439.2580000
352.1706064	0.0002066	439.2680000	439.4770000
352.5935234	0.0002865	439.1710000	439.4610000
353.0164405	0.0001080	439.4400000	439.5490000
353.4393575	0.0001852	439.3640000	439.5510000
353.8622746	0.0001822	439.3400000	439.5240000
354.2851916	0.0002778	439.3440000	439.6250000
354.7081087	0.0002992	439.4550000	439.7580000
355.1310257	0.0002077	439.4450000	439.6550000
355.5539428	0.0002545	439.4530000	439.7110000
355.9768598	7.6501068E-5	439.5710000	439.6480000
356.3997769	0.0001373	439.5860000	439.7250000
356.8226940	0.0001556	439.6300000	439.7870000
357.2456110	0.0003088	439.5440000	439.8570000
357.6685281	0.0001860	439.5950000	439.7830000
358.0914451	0.0001144	439.7830000	439.8990000
358.5143622	0.0001676	439.7920000	439.9620000
358.9372792	0.0003172	439.6830000	440.0040000
359.3601963	0.0002267	439.7220000	439.9520000
359.7831133	8.6550507E-5	439.9690000	440.0560000
360.2060304	0.0001164	439.8950000	440.0130000
360.6289474	0.0002392	439.9280000	440.1700000
361.0518645	0.0002609	439.8250000	440.0890000
361.4747815	0.0002250	439.9290000	440.1570000
361.8976986	0.0001357	440.0130000	440.1500000
362.3206157	0.0001542	440.0680000	440.2240000
362.7435327	0.0002455	440.0010000	440.2500000
363.1664498	0.0004471	440.0270000	440.4810000
363.5893668	0.0002099	440.1280000	440.3400000
364.0122839	0.0003116	440.1880000	440.5040000
364.4352009	0.0001258	440.1650000	440.2930000
364.8581180	0.0001106	440.3250000	440.4370000
365.2810350	0.0001409	440.2790000	440.4220000
365.7039521	6.1356133E-5	440.4820000	440.5440000
366.1268691	0.0001071	440.3890000	440.4980000
366.5497862	0.0001871	440.4150000	440.6050000
366.9727032	0.0002642	440.2860000	440.5540000
367.3956203	7.4098547E-5	440.5120000	440.5860000
367.8185374	0.0001636	440.4680000	440.6340000
368.2414544	9.9774081E-5	440.6750000	440.7760000
368.6643715	0.0002068	440.5350000	440.7440000
369.0872885	0.0002517	440.5700000	440.8250000
369.5102056	5.2634540E-5	440.7490000	440.8020000
369.9331226	0.0002605	440.6380000	440.9020000
370.3560397	7.8962530E-5	440.8600000	440.9400000
370.7789567	0.0001119	440.9100000	441.0240000
371.2018738	0.0002512	440.7740000	441.0290000
371.6247908	0.0002628	440.8710000	441.1380000
372.0477079	0.0002423	440.9420000	441.1880000
372.4706249	4.9189350E-5	441.1930000	441.2430000
372.8935420	5.0993539E-5	441.1400000	441.1920000
373.3164591	0.0001487	441.0860000	441.2370000
373.7393761	0.0002906	441.0380000	441.3330000
374.1622932	0.0001555	441.1980000	441.3560000
374.5852102	-4.2838657E-5	441.3410000	441.2970000
375.0081273	3.8281984E-5	441.3870000	441.4260000
375.4310443	8.2362869E-5	441.3500000	441.4340000
375.8539614	0.0002158	441.3470000	441.5660000
376.2768784	0.0002597	441.2540000	441.5170000
376.6997955	0.0001181	441.5180000	441.6380000
377.1227125	0.0002420	441.4200000	441.6660000
377.5456296	0.0001235	441.5810000	441.7060000
377.9685467	0.0003582	441.4470000	441.8110000
378.3914637	0.0001713	441.5830000	441.7570000
378.8143808	0.0002416	441.6310000	441.8770000
379.2372978	0.0001642	441.6750000	441.8420000
379.6602149	0.0002132	441.5830000	441.8000000
380.0831319	0.0002125	441.7690000	441.9850000
380.5060490	4.8759009E-5	441.8270000	441.8770000
380.9289660	3.9610837E-5	441.8700000	441.9100000
381.3518831	0.0003405	441.7850000	442.1320000
381.7748001	0.0002745	441.9830000	442.2630000
382.1977172	0.0001493	442.1540000	442.3060000
382.6206342	3.2510303E-5	442.2010000	442.2340000
383.0435513	0.0001441	442.1110000	442.2580000
383.4664684	0.0001350	442.1730000	442.3100000
383.8893854	0.0002869	442.1990000	442.4910000
384.3123025	0.0002054	442.2380000	442.4470000
384.7352195	0.0003390	442.1960000	442.5410000
385.1581366	0.0001564	442.3730000	442.5330000
385.5810536	0.0002439	442.3340000	442.5820000
386.0039707	0.0001727	442.5070000	442.6820000
386.4268877	0.0002267	442.4340000	442.6650000
386.8498048	0.0002107	442.6210000	442.8360000
387.2727218	0.0002053	442.5530000	442.7620000
387.6956389	0.0001721	442.6560000	442.8310000
388.1185559	0.0003322	442.6660000	443.0050000
388.5414730	0.0003688	442.7940000	443.1700000
388.9643901	0.0002912	442.8240000	443.1210000
389.3873071	0.0001584	442.9400000	443.1020000
389.8102242	4.4756607E-5	443.0290000	443.0750000
390.2331412	0.0002114	443.0510000	443.2670000
390.6560583	0.0002610	442.9840000	443.2500000
391.0789753	0.0001987	443.2030000	443.4060000
391.5018924	0.0001819	443.4020000	443.5880000
391.9248094	0.0001496	443.4850000	443.6370000
392.3477265	0.0002504	443.2780000	443.5340000
392.7706435	0.0001500	443.5480000	443.7010000
393.1935606	0.0002532	443.5060000	443.7650000
393.6164776	0.0002038	443.7220000	443.9300000
394.0393947	0.0002108	443.7530000	443.9680000
394.4623118	0.0002129	443.9070000	444.1250000
394.8852288	0.0003082	443.9330000	444.2480000
395.3081459	0.0001784	444.2730000	444.4560000
395.7310629	0.0001658	444.2220000	444.3920000
396.1539800	0.0002075	444.4370000	444.6490000
396.5768970	0.0002548	444.4970000	444.7580000
396.9998141	9.6135392E-5	444.7930000	444.8910000
397.4227311	0.0002706	444.8930000	445.1700000
397.8456482	0.0003857	444.9780000	445.3730000
398.2685652	0.0001151	445.2830000	445.4010000
398.6914823	-7.8837373E-6	445.5960000	445.5880000
399.1143993	0.0002005	445.6450000	445.8510000
399.5373164	0.0001804	445.9400000	446.1250000
399.9602335	0.0002014	446.1620000	446.3690000
400.3831505	4.2070334E-5	446.6520000	446.6950000
400.8060676	0.0005155	446.6840000	447.2140000
401.2289846	0.0003446	447.1820000	447.5370000
401.6519017	0.0001902	447.6470000	447.8430000
402.0748187	0.0001421	448.1280000	448.2740000
402.4977358	0.0002470	448.4680000	448.7230000
402.9206528	0.0002410	449.0520000	449.3010000
403.3435699	0.0003683	449.5730000	449.9550000
403.7664869	0.0003239	450.2860000	450.6220000
404.1894040	0.0002107	450.9340000	451.1530000
404.6123211	0.0002761	451.6240000	451.9110000
405.0352381	0.0002851	452.2840000	452.5810000
405.4581552	0.0003193	453.2560000	453.5900000
405.8810722	0.0004929	454.0630000	454.5790000
406.3039893	0.0006353	455.2440000	455.9110000
406.7269063	0.0004179	456.2930000	456.7320000
407.1498234	0.0004849	457.7630000	458.2750000
407.5727404	0.0003042	458.9240000	459.2460000
407.9956575	0.0004170	460.7210000	461.1630000
408.4185745	0.0004610	462.2610000	462.7510000
408.8414916	0.0003030	464.1040000	464.4280000
409.2644086	0.0002916	466.1860000	466.4990000
409.6873257	0.0004402	467.8850000	468.3600000
410.1102428	0.0005216	469.7810000	470.3450000
410.5331598	0.0005084	472.2530000	472.8070000
410.9560769	0.0005235	474.8470000	475.4210000
411.3789939	0.0005383	477.6340000	478.2260000
411.8019110	0.0005600	479.9590000	480.5790000
412.2248280	0.0007364	483.1830000	484.0050000
412.6477451	0.0006797	486.0210000	486.7840000
413.0706621	0.0006287	490.0860000	490.7960000
413.4935792	0.0005205	493.3340000	493.9260000
413.9164962	0.0006227	497.4880000	498.2020000
414.3394133	0.0005785	501.7630000	502.4330000
414.7623303	0.0005119	505.3640000	505.9600000
415.1852474	0.0005795	509.8190000	510.5020000
415.6081645	0.0004539	515.0910000	515.6290000
416.0310815	0.0002485	520.0450000	520.3440000
416.4539986	0.0006515	525.8560000	526.6460000
416.8769156	0.0008397	530.1720000	531.1970000
417.2998327	0.0006972	536.9970000	537.8620000
417.7227497	0.0006430	543.9820000	544.7910000
418.1456668	0.0007585	551.3710000	552.3340000
418.5685838	0.0007873	557.0280000	558.0430000
418.9915009	0.0004707	564.5470000	565.1620000
419.4144179	0.0004581	571.4670000	572.0700000
419.8373350	0.0006707	580.5660000	581.4690000
420.2602521	0.0007297	589.5790000	590.5730000
420.6831691	0.0006730	597.7300000	598.6610000
421.1060862	0.0007162	605.9250000	606.9300000
421.5290032	0.0007490	617.2650000	618.3330000
421.9519203	0.0006467	625.7000000	626.6380000
422.3748373	0.0006239	636.0160000	636.9330000
422.7977544	0.0004371	649.5070000	650.1710000
423.2206714	0.0009244	659.2200000	660.6240000
423.6435885	0.0004067	671.8800000	672.5110000
424.0665055	0.0004368	685.1010000	685.7950000
424.4894226	0.0005588	696.3550000	697.2570000
424.9123396	0.0007224	711.9010000	713.0950000
425.3352567	0.0006855	725.0650000	726.2190000
425.7581738	0.0008358	741.4180000	742.8490000
426.1810908	0.0006087	755.1630000	756.2300000
426.6040079	0.0006570	771.3330000	772.5140000
427.0269249	0.0004953	786.3520000	787.2550000
427.4498420	0.0007557	799.7630000	801.1570000
427.8727590	0.0007162	818.7640000	820.1230000
428.2956761	0.0005076	835.7870000	836.7700000
428.7185931	0.0007860	853.6290000	855.1740000
429.1415102	0.0006513	866.8560000	868.1710000
429.5644272	0.0005167	890.6980000	891.7680000
429.9873443	0.0005560	908.5410000	909.7130000
430.4102613	0.0006921	926.6240000	928.1040000
430.8331784	0.0006329	946.7040000	948.1010000
431.2560955	0.0008155	969.4040000	971.2410000
431.6790125	0.0004894	989.3370000	990.4590000
432.1019296	0.0005890	1004.5390000	1005.9030000
432.5248466	0.0006314	1030.1840000	1031.6810000
432.9477637	0.0008392	1046.7540000	1048.7820000
433.3706807	0.0005354	1075.3650000	1076.7080000
433.7935978	0.0005198	1090.9580000	1092.2680000
434.2165148	0.0005834	1117.8250000	1119.3390000
434.6394319	0.0004327	1140.5040000	1141.6500000
435.0623489	0.0004417	1166.7960000	1167.9960000
435.4852660	0.0004338	1196.0050000	1197.2170000
435.9081830	0.0004931	1212.6070000	1213.9960000
436.3311001	0.0004017	1247.4010000	1248.5550000
436.7540172	0.0004793	1257.2080000	1258.6180000
437.1769342	0.0005785	1290.9790000	1292.7020000
437.5998513	0.0005492	1299.2470000	1300.9090000
438.0227683	0.0002292	1327.6540000	1328.3510000
438.4456854	0.0003485	1361.9030000	1363.0080000
438.8686024	0.0004876	1381.3560000	1382.9170000
439.2915195	0.0001894	1415.2060000	1415.8480000
439.7144365	0.0004666	1437.7070000	1439.2670000
440.1373536	0.0003666	1463.7320000	1464.9890000
440.5602706	0.0004326	1482.2920000	1483.7960000
440.9831877	0.0002872	1511.9410000	1512.9600000
441.4061047	0.0004239	1537.3840000	1538.8990000
441.8290218	0.0002747	1566.1850000	1567.1750000
442.2519389	0.0004173	1587.0550000	1588.5940000
442.6748559	0.0004590	1617.7150000	1619.4260000
443.0977730	0.0005126	1648.2420000	1650.1900000
443.5206900	0.0003290	1670.1380000	1671.3980000
443.9436071	0.0003114	1687.4220000	1688.6470000
444.3665241	0.0004324	1718.5370000	1720.2610000
444.7894412	0.0005914	1736.5170000	1738.8990000
445.2123582	0.0003186	1766.5470000	1767.8620000
445.6352753	0.0002660	1796.8500000	1797.9590000
446.0581923	0.0003848	1817.5540000	1819.1770000
446.4811094	0.0004060	1839.3430000	1841.0960000
446.9040265	0.0004302	1883.6610000	1885.5380000
447.3269435	0.0004799	1912.4460000	1914.5620000
447.7498606	0.0003747	1916.2050000	1917.8780000
448.1727776	0.0003394	1942.7760000	1944.3010000
448.5956947	0.0004147	1954.6340000	1956.5260000
449.0186117	0.0003031	1978.5340000	1979.9240000
449.4415288	0.0004328	2017.3790000	2019.4050000
449.8644458	0.0001703	2049.5010000	2050.3290000
450.2873629	0.0003280	2059.0880000	2060.6820000
450.7102799	0.0004013	2091.7830000	2093.7760000
451.1331970	0.0003319	2127.3640000	2129.0130000
451.5561140	0.0004284	2121.4110000	2123.5260000
451.9790311	0.0003160	2151.4220000	2153.0090000
452.4019482	0.0002694	2179.0730000	2180.4680000
452.8248652	0.0001842	2210.6270000	2211.6050000
453.2477823	0.0002958	2212.9580000	2214.5000000
453.6706993	0.0003281	2238.1280000	2239.8690000
454.0936164	0.0001642	2266.9460000	2267.8520000
454.5165334	0.0003764	2291.3910000	2293.4170000
454.9394505	0.0002728	2320.3460000	2321.8450000
455.3623675	0.0001292	2358.1290000	2358.8820000
455.7852846	0.0003449	2362.8110000	2364.7570000
456.2082016	9.2070083E-5	2399.7960000	2400.3840000
456.6311187	6.2837632E-6	2425.4740000	2425.5790000
457.0540357	-0.0002745	2453.2320000	2451.7770000
457.4769528	-0.0002332	2472.4060000	2471.2250000
457.8998699	-0.0002653	2505.3180000	2503.9010000
458.3227869	-0.0003875	2525.5390000	2523.4050000
458.7457040	-0.0003777	2537.5680000	2535.4800000
459.1686210	-0.0003333	2589.7050000	2587.8880000
459.5915381	-0.0005921	2585.7280000	2582.3850000
460.0144551	-0.0008331	2633.5750000	2628.6900000
460.4373722	-0.0009494	2662.2910000	2656.6890000
460.8602892	-0.0014924	2705.6370000	2696.5590000
461.2832063	-0.0017688	2723.8360000	2712.9310000
461.7061233	-0.0019454	2741.3150000	2729.1830000
462.1290404	-0.0024920	2762.0530000	2746.3060000
462.5519575	-0.0027849	2794.0980000	2776.2440000
462.9748745	-0.0030279	2823.8090000	2804.1310000
463.3977916	-0.0031427	2839.3130000	2818.8030000
463.8207086	-0.0033820	2879.5500000	2857.2130000
464.2436257	-0.0035120	2912.6860000	2889.2380000
464.6665427	-0.0034945	2952.7470000	2929.0820000
465.0894598	-0.0037940	2986.4060000	2960.3120000
465.5123768	-0.0043068	3013.3280000	2983.2610000
465.9352939	-0.0049156	3052.9970000	3017.8660000
466.3582109	-0.0058991	3114.5780000	3071.1150000
466.7811280	-0.0071343	3169.6900000	3115.6850000
467.2040450	-0.0088641	3224.2780000	3155.5610000
467.6269621	-0.0110476	3246.1510000	3159.2270000
468.0498792	-0.0136852	3310.1510000	3199.2740000
468.4727962	-0.0168715	3386.8910000	3245.7950000
468.8957133	-0.0206389	3450.0160000	3272.0720000
469.3186303	-0.0250036	3549.6700000	3325.6870000
469.7415474	-0.0292939	3605.8390000	3336.9020000
470.1644644	-0.0338511	3723.5760000	3400.9570000
470.5873815	-0.0381998	3840.3040000	3463.7900000
471.0102985	-0.0418774	3913.7020000	3492.3780000
471.4332156	-0.0455200	4025.2450000	3554.9840000
471.8561326	-0.0485685	4126.1970000	3613.7960000
472.2790497	-0.0519663	4248.3930000	3687.7920000
472.7019667	-0.0554294	4301.5300000	3700.0040000
473.1248838	-0.0598133	4398.3020000	3739.5430000
473.5478009	-0.0653004	4534.2600000	3799.5060000
473.9707179	-0.0718579	4673.8920000	3848.1010000
474.3936350	-0.0796881	4809.2040000	3877.0670000
474.8165520	-0.0881095	4996.7110000	3939.3480000
475.2394691	-0.0966506	5170.0010000	3985.1350000
475.6623861	-0.1050717	5435.9860000	4097.3440000
476.0853032	-0.1137157	5589.7530000	4117.7000000
476.5082202	-0.1224539	5876.1280000	4230.1890000
476.9311373	-0.1320089	6102.2880000	4282.1230000
477.3540543	-0.1404574	6408.3000000	4396.3300000
477.7769714	-0.1490554	6588.9820000	4417.2640000
478.1998884	-0.1560963	6855.1970000	4509.3900000
478.6228055	-0.1614534	7051.5280000	4569.9140000
479.0457226	-0.1660194	7192.2310000	4601.5910000
479.4686396	-0.1685642	7395.3910000	4697.0400000
479.8915567	-0.1690569	7536.2590000	4776.7050000
480.3144737	-0.1676356	7543.8830000	4793.8390000
480.7373908	-0.1641681	7607.3770000	4875.9020000
481.1603078	-0.1585340	7648.3950000	4973.6410000
481.5832249	-0.1516351	7656.4710000	5067.1420000
482.0061419	-0.1435492	7630.3730000	5157.7720000
482.4290590	-0.1342257	7518.8370000	5211.4410000
482.8519760	-0.1236273	7400.1180000	5275.8540000
483.2748931	-0.1133164	7357.2370000	5392.8240000
483.6978102	-0.1028309	7250.4790000	5469.9050000
484.1207272	-0.0921992	7135.7550000	5544.1630000
484.5436443	-0.0827834	6986.9480000	5570.8820000
484.9665613	-0.0741624	6981.8570000	5704.7990000
485.3894784	-0.0663991	6805.5630000	5684.4650000
485.8123954	-0.0600107	6877.3720000	5849.9400000
486.2353125	-0.0544767	6827.6160000	5900.7090000
486.6582295	-0.0495102	6803.0510000	5965.4410000
487.0811466	-0.0450682	6749.1730000	5994.0220000
487.5040636	-0.0410733	6819.6740000	6126.4770000
487.9269807	-0.0368856	6853.3000000	6231.0610000
488.3498977	-0.0330504	6846.1680000	6292.4670000
488.7728148	-0.0289004	7004.2760000	6511.4830000
489.1957319	-0.0246948	6975.0100000	6558.9760000
489.6186489	-0.0205264	7054.0860000	6707.1210000
490.0415660	-0.0165628	7132.1770000	6851.0390000
490.4644830	-0.0129292	7129.8400000	6912.5440000
490.8874001	-0.0098525	7243.8390000	7076.9650000
491.3103171	-0.0070835	7320.6050000	7199.9980000
491.7332342	-0.0050593	7371.8130000	7285.8520000
492.1561512	-0.0034599	7532.3880000	7472.6200000
492.5790683	-0.0023933	7517.7870000	7476.7310000
493.0019853	-0.0016988	7703.6850000	7674.0820000
493.4249024	-0.0012900	7793.4280000	7770.7490000
493.8478194	-0.0009736	7960.1380000	7942.8140000
494.2707365	-0.0006872	7961.6780000	7949.5310000
494.6936536	-0.0006879	8121.7980000	8109.3810000
495.1165706	-0.0004888	8224.2860000	8215.5790000
495.5394877	-0.0004845	8314.1230000	8305.4510000
495.9624047	-0.0003240	8538.7520000	8533.0030000
496.3853218	-0.0003019	8672.8830000	8667.5240000
496.8082388	-0.0002700	8780.9820000	8776.3040000
497.2311559	-0.0003127	9002.8450000	8996.9670000
497.6540729	-0.0002440	9150.6610000	9146.2000000
498.0769900	-0.0002456	9324.7690000	9320.1840000
498.4999070	-0.0001319	9521.0020000	9518.8170000
498.9228241	-0.0002267	9701.1390000	9696.8400000
499.3457411	-0.0001005	9763.0570000	9761.3400000
499.7686582	1.2855097E-5	9644.8510000	9645.6620000
500.1915753	7.8638002E-5	9219.5930000	9221.6860000
500.6144923	0.0002097	8859.0270000	8863.7450000
501.0374094	0.0003145	8143.8210000	8150.1020000
501.4603264	0.0003418	8296.1700000	8303.0860000
501.8832435	0.0003014	9120.8940000	9127.5970000
502.3061605	0.0002559	10373.9740000	10380.5830000
502.7290776	0.0002133	10886.2440000	10892.1460000
503.1519946	0.0002072	11024.8310000	11030.7240000
503.5749117	0.0002677	11127.1000000	11134.6040000
503.9978287	0.0003704	11285.9950000	11296.2160000
504.4207458	0.0002441	11593.7880000	11600.9540000
504.8436628	0.0002287	11699.5060000	11706.3420000
505.2665799	0.0001803	11983.1780000	11988.9270000
505.6894970	0.0002484	12059.4260000	12067.1110000
506.1124140	0.0001626	12281.6250000	12287.0790000
506.5353311	0.0001218	12418.8840000	12423.1830000
506.9582481	0.0001564	12776.7410000	12782.2050000
507.3811652	0.0001489	12852.8550000	12858.0310000
507.8040822	0.0001140	13285.0310000	13289.2580000
508.2269993	0.0001646	13432.4000000	13438.3460000
508.6499163	0.0001846	13602.2160000	13608.8290000
509.0728334	0.0001650	13799.3380000	13805.2420000
509.4957504	0.0002416	13990.3000000	13998.7260000
509.9186675	0.0002285	14282.3430000	14290.5260000
510.3415846	0.0003596	14277.5750000	14290.1010000
510.7645016	0.0003433	14370.7130000	14382.7020000
511.1874187	0.0005366	14473.2610000	14491.7210000
511.6103357	0.0004772	14578.6580000	14595.2340000
512.0332528	0.0004824	14734.3810000	14751.3310000
512.4561698	0.0004911	14933.2420000	14950.7480000
512.8790869	0.0005633	15010.7600000	15030.8470000
513.3020039	0.0005392	15352.4550000	15372.2710000
513.7249210	0.0006097	15273.4440000	15295.5800000
514.1478380	0.0006353	15467.5230000	15490.9120000
514.5707551	0.0005945	15822.7320000	15845.1270000
514.9936721	0.0006177	15896.9990000	15920.3510000
515.4165892	0.0005428	16314.3620000	16335.5450000
515.8395063	0.0004775	16400.8760000	16419.8000000
516.2624233	0.0005071	16596.9940000	16617.2270000
516.6853404	0.0004873	16815.7180000	16835.4190000
517.1082574	0.0004831	17271.7770000	17291.7950000
517.5311745	0.0004194	17299.3170000	17316.8930000
517.9540915	0.0004003	17557.5910000	17574.7170000
518.3770086	0.0004028	17750.9380000	17768.3240000
518.7999256	0.0004641	17993.6110000	18013.6660000
519.2228427	0.0004784	18230.0690000	18250.9700000
519.6457597	0.0005614	18193.7200000	18218.0660000
520.0686768	0.0005063	18644.8390000	18667.3820000
520.4915938	0.0005646	18779.0460000	18804.1620000
520.9145109	0.0006175	18935.9150000	18963.4560000
521.3374280	0.0005792	19175.3590000	19201.6370000
521.7603450	0.0006764	19300.1960000	19330.9470000
522.1832621	0.0007191	19505.8160000	19538.7010000
522.6061791	0.0007743	19427.9250000	19463.2250000
523.0290962	0.0007937	19519.9020000	19556.1840000
523.4520132	0.0007225	19744.3670000	19777.8600000
523.8749303	0.0007922	19836.2380000	19873.0990000
524.2978473	0.0007908	19794.9460000	19831.7140000
524.7207644	0.0007733	20153.6590000	20190.1390000
525.1436814	0.0007159	20271.7670000	20305.9050000
525.5665985	0.0007751	20359.9080000	20397.0320000
525.9895155	0.0007796	20626.9680000	20664.8270000
526.4124326	0.0008163	20738.4760000	20778.4290000
526.8353497	0.0007851	21001.9970000	21040.9260000
527.2582667	0.0008469	20977.0800000	21018.9310000
527.6811838	0.0008482	21207.5040000	21249.8760000
528.1041008	0.0007871	21294.2550000	21333.8180000
528.5270179	0.0008043	21640.5780000	21681.6730000
528.9499349	0.0008348	22084.5510000	22127.9950000
529.3728520	0.0007781	22181.1020000	22221.8550000
529.7957690	0.0007952	22371.3790000	22413.3890000
530.2186861	0.0007632	22605.4760000	22646.1490000
530.6416031	0.0008063	22834.3040000	22877.6970000
531.0645202	0.0007675	23082.2780000	23124.1430000
531.4874373	0.0007982	23277.0710000	23320.9470000
531.9103543	0.0007880	23607.2000000	23651.1310000
532.3332714	0.0007758	23807.3720000	23850.9520000
532.7561884	0.0008065	24099.3440000	24145.0590000
533.1791055	0.0008537	24206.7070000	24255.3700000
533.6020225	0.0008939	24487.7750000	24539.1820000
534.0249396	0.0009178	24521.5700000	24574.3410000
534.4478566	0.0009049	24748.9650000	24801.5910000
534.8707737	0.0009108	24972.9490000	25026.3070000
535.2936907	0.0008991	25238.3980000	25291.6800000
535.7166078	0.0009261	25186.0900000	25240.6390000
536.1395248	0.0009030	25537.8090000	25591.8830000
536.5624419	0.0009228	25674.4810000	25730.0480000
536.9853590	0.0008684	25640.5400000	25692.7980000
537.4082760	0.0009418	25826.2440000	25883.1300000
537.8311931	0.0009425	25881.2590000	25938.3800000
538.2541101	0.0009589	25964.6970000	26022.9760000
538.6770272	0.0009601	26029.4710000	26087.9940000
539.0999442	0.0009705	26330.5410000	26390.4210000
539.5228613	0.0009839	26306.2000000	26366.7260000
539.9457783	0.0010259	26254.2260000	26317.3640000
540.3686954	0.0010849	26387.7140000	26454.6860000
540.7916124	0.0010922	26446.2870000	26513.8800000
541.2145295	0.0010849	26847.1770000	26915.5700000
541.6374465	0.0011157	26895.4150000	26965.8230000
542.0603636	0.0011445	26557.2600000	26628.4490000
542.4832807	0.0011366	26804.3030000	26875.6710000
542.9061977	0.0011357	26841.2470000	26912.6350000
543.3291148	0.0011308	26995.4000000	27066.9640000
543.7520318	0.0011172	27079.0720000	27149.8870000
544.1749489	0.0011276	27249.4220000	27321.2880000
544.5978659	0.0011631	27347.0180000	27421.4300000
545.0207830	0.0011216	27467.2330000	27539.3710000
545.4437000	0.0011186	27633.3740000	27705.7370000
545.8666171	0.0011675	27472.9950000	27548.0170000
546.2895341	0.0011372	27989.6580000	28064.2550000
546.7124512	0.0011857	27997.4370000	28075.0630000
547.1353683	0.0011098	28408.5560000	28482.3530000
547.5582853	0.0011254	28585.5880000	28660.8270000
547.9812024	0.0011575	29013.0840000	29091.7260000
548.4041194	0.0011461	29125.5910000	29203.8320000
548.8270365	0.0011097	29355.4880000	29431.9220000
549.2499535	0.0011310	29263.8610000	29341.4620000
549.6728706	0.0011009	30031.5640000	30109.0940000
550.0957876	0.0011163	29842.7030000	29920.7980000
550.5187047	0.0010617	30196.2750000	30271.5270000
550.9416217	0.0010797	30232.6630000	30308.9790000
551.3645388	0.0010523	30632.0820000	30707.6530000
551.7874558	0.0011045	30638.7020000	30718.0240000
552.2103729	0.0010673	30888.4290000	30965.6450000
552.6332900	0.0010474	31379.7970000	31456.8840000
553.0562070	0.0011052	31489.6470000	31571.1950000
553.4791241	0.0010891	31487.8400000	31568.0780000
553.9020411	0.0010827	31524.6290000	31604.5730000
554.3249582	0.0011586	31784.3320000	31870.4020000
554.7478752	0.0011652	31990.8810000	32077.9360000
555.1707923	0.0012011	32083.1410000	32173.1960000
555.5937093	0.0012377	32060.8030000	32153.5200000
556.0166264	0.0012194	32373.1170000	32465.3170000
556.4395434	0.0012712	32262.7590000	32358.5340000
556.8624605	0.0013366	32595.4000000	32697.2840000
557.2853775	0.0013519	32516.5410000	32619.3270000
557.7082946	0.0013527	32751.0360000	32854.6600000
558.1312117	0.0013687	32863.6680000	32968.8740000
558.5541287	0.0014039	33067.8190000	33176.1850000
558.9770458	0.0014142	32961.0350000	33069.8370000
559.3999628	0.0014290	33057.3220000	33167.6760000
559.8228799	0.0014445	33072.0120000	33183.3440000
560.2457969	0.0014498	33166.7050000	33278.8190000
560.6687140	0.0014468	33045.3670000	33156.7670000
561.0916310	0.0014981	33033.4650000	33148.7440000
561.5145481	0.0014689	33108.2610000	33221.5950000
561.9374651	0.0015030	33020.6790000	33136.2780000
562.3603822	0.0015596	33219.3720000	33339.8840000
562.7832992	0.0016064	33100.1210000	33223.8630000
563.2062163	0.0016324	32990.1170000	33115.5650000
563.6291334	0.0016269	33220.6630000	33346.6330000
564.0520504	0.0016651	33050.0600000	33178.3100000
564.4749675	0.0016881	32970.3140000	33100.1600000
564.8978845	0.0017343	33232.7240000	33367.1700000
565.3208016	0.0017956	33006.7910000	33145.0580000
565.7437186	0.0018057	33243.5260000	33383.5740000
566.1666357	0.0018563	33103.0900000	33246.5100000
566.5895527	0.0018266	33393.8630000	33536.2400000
567.0124698	0.0018945	33371.0930000	33518.6640000
567.4353868	0.0019442	33430.3370000	33582.1490000
567.8583039	0.0019447	33494.4090000	33646.3350000
568.2812210	0.0019280	33418.3300000	33568.3960000
568.7041380	0.0019233	33420.3490000	33569.9950000
569.1270551	0.0019131	33570.0660000	33719.4890000
569.5499721	0.0019483	33797.0510000	33950.3470000
569.9728892	0.0019249	33864.0060000	34015.6210000
570.3958062	0.0019346	33946.7500000	34099.4430000
570.8187233	0.0019661	34014.1210000	34169.6680000
571.2416403	0.0019504	34144.2390000	34299.2030000
571.6645574	0.0019756	34202.2790000	34359.4880000
572.0874744	0.0019780	34390.7380000	34548.9040000
572.5103915	0.0019622	34596.2670000	34754.2180000
572.9333085	0.0020547	34699.6570000	34865.4320000
573.3562256	0.0020586	34752.5310000	34918.8890000
573.7791427	0.0020121	34898.3000000	35061.7030000
574.2020597	0.0020585	35123.5060000	35291.8930000
574.6249768	0.0020375	35532.9250000	35701.4750000
575.0478938	0.0021198	35665.0540000	35841.2210000
575.4708109	0.0021188	35671.3940000	35847.4480000
575.8937279	0.0021444	35927.5210000	36106.9920000
576.3166450	0.0021642	36272.6350000	36455.6380000
576.7395620	0.0021670	36561.7630000	36746.3170000
577.1624791	0.0021755	36339.4350000	36523.6040000
577.5853961	0.0022089	36658.1650000	36846.7460000
578.0083132	0.0021891	37212.8300000	37402.3940000
578.4312302	0.0021932	37166.1240000	37355.7480000
578.8541473	0.0021870	37502.4560000	37693.0940000
579.2770644	0.0022400	37511.6410000	37706.8460000
579.6999814	0.0021804	38066.6700000	38259.4490000
580.1228985	0.0021842	38287.6890000	38481.9960000
580.5458155	0.0022026	38580.6370000	38778.1260000
580.9687326	0.0022076	38617.1280000	38815.3340000
581.3916496	0.0022371	38811.2490000	39012.9700000
581.8145667	0.0022753	38865.3400000	39070.8500000
582.2374837	0.0022513	39464.2390000	39670.7570000
582.6604008	0.0023173	39548.0290000	39760.9160000
583.0833178	0.0023785	39669.2940000	39888.4190000
583.5062349	0.0024235	39953.9320000	40178.8430000
583.9291519	0.0024063	40300.5240000	40525.7790000
584.3520690	0.0024784	40328.8130000	40560.9420000
584.7749861	0.0024749	40561.4450000	40794.6790000
585.1979031	0.0025200	40666.5560000	40904.6810000
585.6208202	0.0025673	40993.3210000	41237.9460000
586.0437372	0.0025990	41173.0110000	41421.8920000
586.4666543	0.0026315	41283.7750000	41536.4720000
586.8895713	0.0027081	41477.9420000	41739.2230000
587.3124884	0.0027314	41807.0070000	42072.6540000
587.7354054	0.0027219	41927.2730000	42192.7250000
588.1583225	0.0027928	41914.3010000	42186.4640000
588.5812395	0.0027707	42243.7440000	42515.7390000
589.0041566	0.0028098	42071.4470000	42346.1680000
589.4270737	0.0028534	42541.0270000	42822.8160000
589.8499907	0.0028792	42354.2450000	42637.2670000
590.2729078	0.0028650	42540.5470000	42823.3830000
590.6958248	0.0029279	42484.0050000	42772.5630000
591.1187419	0.0028982	42889.8070000	43178.0810000
591.5416589	0.0029488	43039.7750000	43334.1510000
591.9645760	0.0030017	42877.3990000	43175.9820000
592.3874930	0.0030000	43200.4370000	43501.1220000
592.8104101	0.0030340	43033.6490000	43336.5130000
593.2333271	0.0030831	43076.0370000	43384.1440000
593.6562442	0.0031027	43243.1270000	43554.2830000
594.0791612	0.0031373	43336.3060000	43651.5240000
594.5020783	0.0032020	43013.4590000	43332.7300000
594.9249954	0.0032470	43411.6170000	43738.6520000
595.3479124	0.0032848	43212.0630000	43541.4270000
595.7708295	0.0033100	43405.6650000	43739.0080000
596.1937465	0.0033764	43483.6750000	43824.4810000
596.6166636	0.0034287	43242.0450000	43586.3170000
597.0395806	0.0034474	43351.8310000	43699.1170000
597.4624977	0.0035063	42899.9170000	43249.5730000
597.8854147	0.0035158	43287.2100000	43641.2110000
598.3083318	0.0035780	42916.9080000	43274.4220000
598.7312488	0.0036231	42871.7580000	43233.4680000
599.1541659	0.0036373	42881.7050000	43245.0700000
599.5770829	0.0036531	42882.5580000	43247.5840000
600.0000000	0.0037165	42584.6580000	42953.2500000
600.4229171	0.0037001	42620.2860000	42987.4770000
600.8458341	0.0037302	42610.3890000	42980.2250000
601.2687512	0.0037153	42389.5860000	42755.9650000
601.6916682	0.0037453	42223.9250000	42591.6520000
602.1145853	0.0037269	42156.8300000	42522.0380000
602.5375023	0.0037536	42282.0960000	42650.8020000
602.9604194	0.0037740	41899.6640000	42266.7920000
603.3833364	0.0037748	41745.4130000	42111.2310000
603.8062535	0.0037736	41712.2840000	42077.6640000
604.2291705	0.0038486	41447.6590000	41817.8350000
604.6520876	0.0038478	41313.3970000	41682.3280000
605.0750046	0.0038690	41119.4450000	41488.5730000
605.4979217	0.0038963	41009.0100000	41379.8210000
605.9208388	0.0038842	40905.7910000	41274.6670000
606.3437558	0.0039346	40601.8520000	40972.5840000
606.7666729	0.0039744	40333.5770000	40705.7050000
607.1895899	0.0039753	40224.6950000	40596.0460000
607.6125070	0.0040399	40221.7130000	40599.1150000
608.0354240	0.0040344	40043.1260000	40418.3790000
608.4583411	0.0041029	39394.4310000	39769.8840000
608.8812581	0.0041523	39613.3630000	39995.6090000
609.3041752	0.0041713	39297.8340000	39679.1940000
609.7270922	0.0042130	39014.3770000	39397.0540000
610.1500093	0.0042236	38628.4130000	39008.6240000
610.5729263	0.0042600	38746.0470000	39130.8730000
610.9958434	0.0042679	38395.8340000	38778.0570000
611.4187605	0.0043310	38300.5600000	38687.7170000
611.8416775	0.0043699	37862.5030000	38248.8050000
612.2645946	0.0043545	37865.3450000	38250.6360000
612.6875116	0.0043573	37581.6470000	37964.4910000
613.1104287	0.0043933	37485.9130000	37870.9500000
613.5333457	0.0043904	37094.3210000	37474.9650000
613.9562628	0.0044343	36949.2720000	37331.8930000
614.3791798	0.0044226	36492.5260000	36869.4100000
614.8020969	0.0044263	36376.0090000	36751.7370000
615.2250139	0.0044018	36227.2120000	36599.0910000
615.6479310	0.0043679	36083.1760000	36450.6430000
616.0708481	0.0044159	35650.1590000	36016.7420000
616.4937651	0.0043628	35558.9170000	35919.8430000
616.9166822	0.0043726	35256.8970000	35615.3930000
617.3395992	0.0044153	35051.4880000	35411.1390000
617.7625163	0.0043627	34749.6190000	35101.8160000
618.1854333	0.0043685	34279.9490000	34627.7560000
618.6083504	0.0043676	34160.3360000	34506.9300000
619.0312674	0.0043445	34227.4840000	34573.0060000
619.4541845	0.0043722	33764.0240000	34107.0330000
619.8771015	0.0043397	33332.7080000	33668.9760000
620.3000186	0.0043642	33281.2470000	33618.9410000
620.7229356	0.0043794	33147.4440000	33485.0110000
621.1458527	0.0044314	32805.6220000	33143.5640000
621.5687698	0.0043633	32649.0990000	32980.3650000
621.9916868	0.0043884	32400.3120000	32731.1180000
622.4146039	0.0043910	31982.3100000	32309.0240000
622.8375209	0.0044430	31880.6810000	32210.3320000
623.2604380	0.0044834	31541.4980000	31870.6270000
623.6833550	0.0044592	31340.8360000	31666.5490000
624.1062721	0.0044968	31078.3060000	31404.3380000
624.5291891	0.0045259	30750.6320000	31075.6990000
624.9521062	0.0045181	30510.8590000	30833.0520000
625.3750232	0.0045202	30460.1410000	30782.2170000
625.7979403	0.0044866	30021.3030000	30336.6010000
626.2208573	0.0044762	29947.9330000	30262.1370000
626.6437744	0.0045338	29677.7340000	29993.3020000
627.0666915	0.0044876	29533.4220000	29844.3970000
627.4896085	0.0045356	29125.2920000	29435.4630000
627.9125256	0.0045414	29005.6340000	29314.9330000
628.3354426	0.0045271	28652.1250000	28956.6040000
628.7583597	0.0045434	28551.0250000	28855.3320000
629.1812767	0.0044898	28192.5640000	28489.2290000
629.6041938	0.0044764	27965.4520000	28258.7500000
630.0271108	0.0044123	27758.7930000	28045.3760000
630.4500279	0.0043566	27654.1320000	27935.8310000
630.8729449	0.0044129	27372.1350000	27654.0920000
631.2958620	0.0044235	27193.7310000	27474.1910000
631.7187790	0.0044040	27025.0830000	27302.3410000
632.1416961	0.0043960	26666.5020000	26939.5230000
632.5646132	0.0043774	26446.0810000	26715.4090000
632.9875302	0.0043790	26391.6110000	26660.3980000
633.4104473	0.0043756	25907.6500000	26171.1130000
633.8333643	0.0043577	25792.4260000	26053.6940000
634.2562814	0.0042926	25660.4510000	25916.6320000
634.6791984	0.0042704	25457.0310000	25709.8590000
635.1021155	0.0042966	25349.0610000	25602.3190000
635.5250325	0.0042509	25034.8240000	25282.2750000
635.9479496	0.0043075	24846.4060000	25095.2510000
636.3708666	0.0042784	24687.4870000	24933.1450000
636.7937837	0.0042446	24561.6650000	24804.3460000
637.2167008	0.0043110	24329.7810000	24573.8220000
637.6396178	0.0042685	24061.7540000	24300.8700000
638.0625349	0.0042969	23935.5530000	24174.9440000
638.4854519	0.0043106	23643.9610000	23881.3520000
638.9083690	0.0043036	23521.2040000	23757.2080000
639.3312860	0.0042849	23300.8400000	23533.8240000
639.7542031	0.0042567	23152.1090000	23382.2930000
640.1771201	0.0043145	22925.0190000	23156.2670000
640.6000372	0.0042375	22832.2740000	23058.7860000
641.0229542	0.0042490	22592.4020000	22817.4040000
641.4458713	0.0043065	22506.0830000	22733.5800000
641.8687883	0.0042783	22353.0370000	22577.7970000
642.2917054	0.0042610	22168.8810000	22391.1090000
642.7146225	0.0042550	21880.1780000	22099.5380000
643.1375395	0.0042207	21784.4830000	22001.4400000
643.5604566	0.0042218	21547.0560000	21761.6630000
643.9833736	0.0041657	21333.0530000	21542.8970000
644.4062907	0.0041446	21244.5750000	21452.3660000
644.8292077	0.0040991	20929.4730000	21132.0010000
645.2521248	0.0040027	20994.1350000	21192.3780000
645.6750418	0.0039809	20745.3610000	20939.9260000
646.0979589	0.0039635	20593.4280000	20785.5230000
646.5208759	0.0039482	20425.9380000	20615.3640000
646.9437930	0.0038922	20412.1190000	20598.3720000
647.3667100	0.0039463	20190.8190000	20377.1640000
647.7896271	0.0038976	20110.0190000	20293.1870000
648.2125442	0.0039281	19830.4210000	20012.1290000
648.6354612	0.0038759	19793.1100000	19971.8890000
649.0583783	0.0038389	19517.1440000	19691.5330000
649.4812953	0.0038319	19437.5650000	19610.7570000
649.9042124	0.0038007	19300.1370000	19470.6490000
650.3271294	0.0037853	19174.4750000	19343.0730000
650.7500465	0.0037191	18979.4690000	19143.6580000
651.1729635	0.0037239	18773.1850000	18935.9860000
651.5958806	0.0036488	18776.6030000	18936.1530000
652.0187976	0.0036739	18667.2670000	18827.0470000
652.4417147	0.0037122	18535.0910000	18695.3370000
652.8646317	0.0037328	18477.5060000	18638.3450000
653.2875488	0.0037257	18392.0230000	18551.8050000
653.7104659	0.0037659	18222.4990000	18382.5010000
654.1333829	0.0037317	18177.1720000	18335.2570000
654.5563000	0.0037211	17972.5340000	18128.4250000
654.9792170	0.0036985	17822.6010000	17976.2290000
655.4021341	0.0037447	17675.7470000	17830.0760000
655.8250511	0.0037653	17607.8850000	17762.5860000
656.2479682	0.0037444	17493.4480000	17646.2830000
656.6708852	0.0037071	17371.8230000	17522.3560000
657.0938023	0.0036971	17235.6250000	17384.7630000
657.5167193	0.0035882	17192.8570000	17337.5840000
657.9396364	0.0036630	17162.2710000	17310.0520000
658.3625535	0.0037637	17047.7140000	17198.8080000
658.7854705	0.0037306	16982.3140000	17131.8080000
659.2083876	0.0036346	16904.5440000	17049.9610000
659.6313046	0.0036635	16748.3460000	16893.8160000
660.0542217	0.0037177	16666.3170000	16813.4610000
660.4771387	0.0036338	16603.6020000	16747.2520000
660.9000558	0.0036119	16447.8560000	16589.5210000
661.3229728	0.0034691	16356.2850000	16491.8660000
661.7458899	0.0034968	16223.9870000	16359.5010000
662.1688069	0.0035113	16128.4060000	16263.4970000
662.5917240	0.0035024	15987.2650000	16120.7300000
663.0146410	0.0034553	16026.8170000	16158.7260000
663.4375581	0.0034354	15946.8310000	16077.1260000
663.8604752	0.0034319	15799.3310000	15927.8780000
664.2833922	0.0034822	15855.6700000	15986.2510000
664.7063093	0.0034953	15762.0390000	15891.9280000
665.1292263	0.0034339	15660.2780000	15786.8140000
665.5521434	0.0035475	15540.5030000	15669.8080000
665.9750604	0.0035006	15430.5120000	15557.0030000
666.3979775	0.0034556	15318.6220000	15442.3010000
666.8208945	0.0034714	15245.4920000	15368.9940000
667.2438116	0.0034240	15144.7120000	15265.7800000
667.6667286	0.0034100	15092.7090000	15212.8400000
668.0896457	0.0034546	14906.3590000	15026.5510000
668.5125627	0.0033704	14924.0460000	15041.5150000
668.9354798	0.0034248	14792.2840000	14910.7090000
669.3583969	0.0033447	14738.7290000	14854.2160000
669.7813139	0.0034251	14701.5280000	14819.5770000
670.2042310	0.0033775	14686.5710000	14802.9000000
670.6271480	0.0034116	14609.0570000	14726.0870000
671.0500651	0.0034024	14505.4830000	14621.2830000
671.4729821	0.0034150	14398.6170000	14514.0490000
671.8958992	0.0034694	14286.3550000	14402.5770000
672.3188162	0.0034663	14218.9100000	14334.3230000
672.7417333	0.0034840	13966.5250000	14080.3660000
673.1646503	0.0033927	13888.4250000	13998.6030000
673.5875674	0.0034502	13811.4190000	13922.7130000
674.0104845	0.0035001	13616.7090000	13727.9300000
674.4334015	0.0034799	13540.3810000	13650.3060000
674.8563186	0.0033658	13448.1150000	13553.7870000
675.2792356	0.0033928	13396.3850000	13502.7210000
675.7021527	0.0033710	13279.7750000	13384.5930000
676.1250697	0.0034520	13200.8510000	13307.9060000
676.5479868	0.0034413	13176.7710000	13283.5950000
676.9709038	0.0034103	13041.7420000	13146.8610000
677.3938209	0.0034255	12984.7540000	13090.3360000
677.8167379	0.0034377	12828.0740000	12933.2150000
678.2396550	0.0033210	12740.8400000	12842.2770000
678.6625720	0.0033710	12554.0150000	12655.7420000
679.0854891	0.0033195	12409.5240000	12508.8640000
679.5084062	0.0032551	12307.8700000	12404.8820000
679.9313232	0.0032092	12130.7020000	12225.3810000
680.3542403	0.0032171	12057.3950000	12151.7380000
680.7771573	0.0031939	11996.0910000	12089.3790000
681.2000744	0.0031998	11975.8690000	12069.0650000
681.6229914	0.0031360	11937.1860000	12028.1390000
682.0459085	0.0032423	11912.4870000	12006.1520000
682.4688255	0.0033195	11894.9030000	11990.2060000
682.8917426	0.0033379	11882.5680000	11977.9570000
683.3146596	0.0033698	11824.5670000	11920.0440000
683.7375767	0.0034109	11835.4140000	11931.7400000
684.1604937	0.0033979	11799.0380000	11894.4560000
684.5834108	0.0034356	11702.2960000	11797.6380000
685.0063279	0.0034177	11685.9180000	11780.3630000
685.4292449	0.0034179	11665.4510000	11759.6010000
685.8521620	0.0034014	11623.8650000	11717.0680000
686.2750790	0.0034441	11562.4470000	11656.1580000
686.6979961	0.0034306	11616.3560000	11710.0870000
687.1209131	0.0033890	11630.3250000	11722.9660000
687.5438302	0.0034464	11676.7290000	11771.3470000
687.9667472	0.0034083	11675.2140000	11768.8870000
688.3896643	0.0034135	11823.0920000	11918.0970000
688.8125813	0.0034512	11916.5210000	12013.3630000
689.2354984	0.0034385	11925.1030000	12021.7710000
689.6584154	0.0033610	11983.7480000	12078.8520000
690.0813325	0.0034673	12047.7180000	12146.1940000
690.5042496	0.0034547	12099.1580000	12197.6490000
690.9271666	0.0032845	12052.1570000	12145.4340000
691.3500837	0.0033333	12075.1150000	12169.7350000
691.7730007	0.0031961	12005.3730000	12095.5220000
692.1959178	0.0032209	12018.2300000	12109.0040000
692.6188348	0.0032962	11961.4500000	12053.5790000
693.0417519	0.0032296	11865.5880000	11954.9610000
693.4646689	0.0031630	11856.8660000	11944.2070000
693.8875860	0.0031106	11807.1690000	11892.6450000
694.3105030	0.0031572	11784.1410000	11870.6170000
694.7334201	0.0031677	11760.3400000	11846.9900000
695.1563372	0.0030166	11801.9470000	11884.9640000
695.5792542	0.0030098	11666.9970000	11749.1440000
696.0021713	0.0030624	11643.3660000	11727.0450000
696.4250883	0.0030474	11561.0710000	11644.1140000
696.8480054	0.0029902	11392.5230000	11473.3080000
697.2709224	0.0029733	11287.8080000	11367.8700000
697.6938395	0.0029063	11170.3000000	11248.2710000
698.1167565	0.0029629	10980.4070000	11059.0530000
698.5396736	0.0029505	10784.9520000	10862.4320000
698.9625906	0.0029824	10640.4420000	10718.0470000
699.3855077	0.0028876	10451.0600000	10525.5010000
699.8084247	0.0030065	10252.6000000	10328.8290000
700.2313418	0.0030672	10108.7660000	10185.6920000
700.6542589	0.0030484	9940.6140000	10016.0220000
701.0771759	0.0031485	9771.5170000	9848.0240000
701.5000930	0.0032240	9675.0200000	9752.5660000
701.9230100	0.0033727	9545.2910000	9625.1380000
702.3459271	0.0033490	9380.4110000	9458.3450000
702.7688441	0.0034748	9251.3560000	9330.8340000
703.1917612	0.0036231	9125.6210000	9207.1880000
703.6146782	0.0037241	8946.4900000	9028.5180000
704.0375953	0.0036654	8800.2070000	8879.6610000
704.4605123	0.0038464	8626.8260000	8708.3120000
704.8834294	0.0040282	8470.8930000	8554.5050000
705.3063464	0.0040547	8297.2690000	8379.5840000
705.7292635	0.0040018	8128.5430000	8208.1120000
706.1521806	0.0041896	7992.4000000	8073.9200000
706.5750976	0.0043121	7907.9850000	7990.7570000
706.9980147	0.0043091	7793.8560000	7875.2440000
707.4209317	0.0043246	7753.9830000	7834.9760000
707.8438488	0.0043381	7730.8060000	7811.4010000
708.2667658	0.0043187	7649.5350000	7728.7530000
708.6896829	0.0042065	7656.9470000	7733.9200000
709.1125999	0.0042178	7619.3930000	7695.8950000
709.5355170	0.0042746	7616.8480000	7694.1150000
709.9584340	0.0042138	7591.3660000	7667.0080000
710.3813511	0.0041446	7591.4210000	7665.5780000
710.8042681	0.0040069	7560.6060000	7631.7450000
711.2271852	0.0038734	7489.3610000	7557.3700000
711.6501023	0.0039334	7464.7370000	7533.3340000
712.0730193	0.0037928	7417.0780000	7482.6260000
712.4959364	0.0035987	7352.6170000	7414.2590000
712.9188534	0.0036524	7317.6840000	7379.7860000
713.3417705	0.0035049	7302.6530000	7361.9400000
713.7646875	0.0033581	7280.9210000	7337.5060000
714.1876046	0.0033588	7259.4900000	7315.9670000
714.6105216	0.0032713	7256.1900000	7311.1310000
715.0334387	0.0031244	7247.0430000	7299.5580000
715.4563557	0.0030475	7223.9110000	7275.0180000
715.8792728	0.0031074	7198.1930000	7250.3250000
716.3021898	0.0029664	7131.7870000	7181.3110000
716.7251069	0.0028740	7086.9910000	7134.9820000
717.1480240	0.0027641	7011.7600000	7057.7960000
717.5709410	0.0028498	6929.1490000	6976.4580000
717.9938581	0.0027527	6847.3610000	6892.8960000
718.4167751	0.0026372	6705.8270000	6749.0790000
718.8396922	0.0027508	6646.7390000	6691.8220000
719.2626092	0.0027137	6565.9520000	6610.4450000
719.6855263	0.0026815	6502.3530000	6546.2870000
720.1084433	0.0026900	6468.8180000	6513.0570000
720.5313604	0.0028848	6494.7430000	6542.4060000
720.9542774	0.0029540	6536.6040000	6585.9600000
721.3771945	0.0028871	6544.8950000	6593.5560000
721.8001116	0.0032242	6635.6950000	6690.4800000
722.2230286	0.0034050	6727.3140000	6785.9570000
722.6459457	0.0034202	6767.3430000	6826.9320000
723.0688627	0.0034651	6835.3760000	6896.6500000
723.4917798	0.0038566	6852.6700000	6920.7220000
723.9146968	0.0037829	6863.2930000	6930.9250000
724.3376139	0.0038882	6823.0020000	6892.4070000
724.7605309	0.0042358	6774.6290000	6849.4920000
725.1834480	0.0043803	6659.2830000	6735.8650000
725.6063650	0.0043408	6586.5330000	6662.3690000
726.0292821	0.0046416	6521.0810000	6601.2850000
726.4521991	0.0046965	6440.2940000	6520.5180000
726.8751162	0.0046568	6432.5040000	6512.3500000
727.2980333	0.0046965	6499.5950000	6580.7970000
727.7209503	0.0047388	6594.9600000	6677.5700000
728.1438674	0.0046880	6782.9050000	6866.3600000
728.5667844	0.0044519	7050.0520000	7131.9980000
728.9897015	0.0043649	7343.1860000	7425.9560000
729.4126185	0.0042148	7711.8140000	7794.9210000
729.8355356	0.0040240	8088.7980000	8171.2230000
730.2584526	0.0039574	8500.5880000	8584.6830000
730.6813697	0.0038255	8859.1930000	8942.9930000
731.1042867	0.0037131	9195.5690000	9279.0830000
731.5272038	0.0034983	9437.2760000	9517.4790000
731.9501208	0.0033931	9545.5920000	9623.7230000
732.3730379	0.0034544	9671.6380000	9751.3900000
732.7959550	0.0032629	9611.4460000	9685.9680000
733.2188720	0.0033639	9516.6890000	9592.3430000
733.6417891	0.0032911	9371.1960000	9443.8420000
734.0647061	0.0032403	9122.8910000	9192.3450000
734.4876232	0.0032952	8946.7990000	9015.9080000
734.9105402	0.0033069	8737.4930000	8805.2910000
735.3334573	0.0031020	8631.5180000	8694.4480000
735.7563743	0.0030827	8554.8430000	8616.7860000
736.1792914	0.0031330	8569.5290000	8632.7410000
736.6022084	0.0029112	8660.4190000	8719.9650000
737.0251255	0.0027762	8905.3130000	8963.8400000
737.4480425	0.0028407	9160.9810000	9222.7290000
737.8709596	0.0026289	9437.9940000	9497.1240000
738.2938767	0.0026539	9771.0980000	9833.1750000
738.7167937	0.0025927	10044.7010000	10107.3900000
739.1397108	0.0025327	10246.7370000	10309.6570000
739.5626278	0.0025170	10349.3130000	10412.8700000
739.9855449	0.0025708	10268.7920000	10333.7420000
740.4084619	0.0026519	10045.4670000	10111.4210000
740.8313790	0.0027083	9734.4490000	9800.1590000
741.2542960	0.0028570	9202.5870000	9268.8330000
741.6772131	0.0029735	8614.9900000	8680.1000000
742.1001301	0.0030568	7963.5940000	8026.2470000
742.5230472	0.0034862	7220.0360000	7285.3060000
742.9459643	0.0038081	6602.9790000	6668.3820000
743.3688813	0.0040590	6037.9570000	6102.5230000
743.7917984	0.0045284	5670.7680000	5738.5890000
744.2147154	0.0048464	5529.5390000	5600.3840000
744.6376325	0.0050538	5627.5700000	5702.5960000
745.0605495	0.0053662	6036.5790000	6122.0480000
745.4834666	0.0052736	6704.7020000	6798.7180000
745.9063836	0.0051450	7678.0880000	7783.7280000
746.3293007	0.0048465	8823.9900000	8939.9730000
746.7522177	0.0048423	10142.9090000	10276.9670000
747.1751348	0.0047322	11589.5950000	11740.4710000
747.5980518	0.0046781	12954.7900000	13122.1840000
748.0209689	0.0046785	14258.0840000	14442.1010000
748.4438860	0.0047660	15429.5290000	15632.4500000
748.8668030	0.0049082	16314.1210000	16533.7460000
749.2897201	0.0048788	16957.6790000	17185.1270000
749.7126371	0.0051932	17163.7190000	17407.5920000
750.1355542	0.0054470	17182.4040000	17436.9820000
750.5584712	0.0055163	16699.6930000	16951.1710000
750.9813883	0.0058582	16048.7630000	16304.7330000
751.4043053	0.0060393	15196.0280000	15446.6170000
751.8272224	0.0063711	14245.3240000	14492.5690000
752.2501394	0.0064569	13234.2930000	13468.2110000
752.6730565	0.0066347	12203.8590000	12425.0020000
753.0959735	0.0063906	11480.8800000	11683.4680000
753.5188906	0.0061348	10963.2140000	11150.0250000
753.9418077	0.0056455	10798.0270000	10966.0780000
754.3647247	0.0048600	10909.9210000	11054.5430000
754.7876418	0.0042154	11453.4370000	11581.4320000
755.2105588	0.0034003	12354.8060000	12462.2420000
755.6334759	0.0026738	13567.7160000	13657.2400000
756.0563929	0.0021253	15058.5260000	15135.2090000
756.4793100	0.0015636	16787.6420000	16849.7890000
756.9022270	0.0011959	18460.5270000	18513.2930000
757.3251441	0.0009214	20192.3450000	20238.6450000
757.7480611	0.0006348	21704.0580000	21741.5270000
758.1709782	0.0005123	23075.7840000	23111.3410000
758.5938953	0.0004576	24132.8660000	24168.9420000
759.0168123	0.0004044	24964.0130000	24999.7450000
759.4397294	0.0004798	25425.7720000	25467.6820000
759.8626464	0.0005447	25406.9780000	25452.9200000
760.2855635	0.0006033	25024.2650000	25072.5060000
760.7084805	0.0007920	24375.7750000	24432.2790000
761.1313976	0.0010067	23473.9140000	23538.4640000
761.5543146	0.0013007	22360.1640000	22434.5520000
761.9772317	0.0015472	21205.4240000	21285.7140000
762.4001487	0.0019689	20052.9560000	20146.3510000
762.8230658	0.0023134	18962.9040000	19064.6170000
763.2459828	0.0027215	17897.0400000	18009.0470000
763.6688999	0.0031829	17157.3890000	17283.6560000
764.0918170	0.0035290	16417.4850000	16552.6480000
764.5147340	0.0037759	16019.8160000	16162.7830000
764.9376511	0.0040291	15801.7880000	15954.4400000
765.3605681	0.0042695	15507.6130000	15668.6350000
765.7834852	0.0043760	15462.2940000	15628.6490000
766.2064022	0.0045508	15347.7480000	15520.9020000
766.6293193	0.0046034	15251.0990000	15426.8290000
767.0522363	0.0047706	15071.9930000	15252.4740000
767.4751534	0.0049379	14661.7210000	14844.1040000
767.8980704	0.0050885	14236.8700000	14419.3390000
768.3209875	0.0052429	13554.9400000	13734.2280000
768.7439045	0.0055376	12815.0410000	12994.0670000
769.1668216	0.0058545	11806.1460000	11980.2990000
769.5897387	0.0062948	10923.0580000	11095.8580000
770.0126557	0.0066148	9938.5200000	10103.5200000
770.4355728	0.0073864	8906.9970000	9071.4060000
770.8584898	0.0078217	8176.2780000	8335.5950000
771.2814069	0.0083004	7510.9720000	7665.5640000
771.7043239	0.0088175	7120.3720000	7275.2320000
772.1272410	0.0085661	7028.2820000	7175.8060000
772.5501580	0.0085348	7217.6310000	7367.4750000
772.9730751	0.0081290	7799.5750000	7952.6340000
773.3959921	0.0070553	8578.4920000	8723.7530000
773.8189092	0.0066053	9734.7900000	9888.0940000
774.2418262	0.0057726	11133.7870000	11286.5610000
774.6647433	0.0048664	12714.6910000	12861.4880000
775.0876604	0.0046492	14313.6220000	14470.7850000
775.5105774	0.0040176	16012.8430000	16164.7010000
775.9334945	0.0036879	17746.8840000	17900.9290000
776.3564115	0.0035245	19294.3350000	19453.9380000
776.7793286	0.0031945	20672.7590000	20827.8110000
777.2022456	0.0030236	21917.3550000	22072.6640000
777.6251627	0.0028657	22927.4280000	23081.0540000
778.0480797	0.0026757	23558.1920000	23705.6190000
778.4709968	0.0026980	24036.6870000	24188.0900000
778.8939138	0.0026664	24039.4540000	24188.9170000
779.3168309	0.0025473	23883.1080000	24025.0640000
779.7397480	0.0026104	23378.1060000	23520.1850000
780.1626650	0.0026499	22144.4580000	22281.0530000
780.5855821	0.0026750	20163.5180000	20289.0900000
781.0084991	0.0027576	18018.6740000	18134.3450000
781.4314162	0.0027238	16134.2720000	16236.4440000
781.8543332	0.0027389	14132.0270000	14222.1260000
782.2772503	0.0027681	12374.2130000	12453.8040000
782.7001673	0.0026629	10790.5260000	10857.3300000
783.1230844	0.0027884	9457.1710000	9518.6560000
783.5460014	0.0027636	8587.7230000	8643.1040000
783.9689185	0.0027797	7710.6070000	7760.6080000
784.3918355	0.0029608	6915.4820000	6963.1950000
784.8147526	0.0029569	6121.1070000	6163.1210000
785.2376697	0.0029989	5583.7640000	5622.4530000
785.6605867	0.0027211	5091.7860000	5123.7030000
786.0835038	0.0029102	4686.5500000	4717.9960000
786.5064208	0.0030631	4346.7020000	4377.4500000
786.9293379	0.0034042	4007.8840000	4039.5650000
787.3522549	0.0041300	3735.1680000	3771.0720000
787.7751720	0.0045475	3514.3750000	3551.7460000
788.1980890	0.0052449	3338.9160000	3379.8590000
788.6210061	0.0061476	3109.1270000	3153.8870000
789.0439231	0.0066555	2898.4800000	2943.7220000
789.4668402	0.0080703	2757.9830000	2810.1910000
789.8897572	0.0090144	2630.0400000	2685.6810000
790.3126743	0.0101546	2492.7970000	2552.2520000
790.7355914	0.0116142	2400.4280000	2465.9530000
791.1585084	0.0122417	2319.1660000	2385.8390000
791.5814255	0.0138997	2207.6400000	2279.8150000
792.0043425	0.0149808	2086.3130000	2159.9040000
792.4272596	0.0159029	2000.5640000	2075.5240000
792.8501766	0.0173187	1920.5640000	1998.9910000
793.2730937	0.0184695	1823.2970000	1902.8220000
793.6960107	0.0203534	1663.8260000	1743.8600000
794.1189278	0.0224143	1510.5880000	1590.7740000
794.5418448	0.0228687	1392.6330000	1468.0760000
794.9647619	0.0231280	1372.5130000	1447.6890000
795.3876789	0.0228295	1345.8220000	1418.5590000
795.8105960	0.0236050	1277.7760000	1349.2180000
796.2335131	0.0250637	1187.4100000	1258.0250000
796.6564301	0.0254076	1103.5710000	1170.1010000
797.0793472	0.0272264	1055.3370000	1123.6360000
797.5022642	0.0269015	1020.5760000	1085.8160000
797.9251813	0.0270358	983.8290000	1047.0350000
798.3480983	0.0272088	924.4130000	984.2020000
798.7710154	0.0267582	869.9740000	925.2720000
799.1939324	0.0254448	828.4910000	878.4930000
799.6168495	0.0233549	825.1080000	870.6950000
800.0397665	0.0214441	833.3400000	875.4960000
800.4626836	0.0191711	832.6910000	870.2530000
800.8856007	0.0184189	818.7370000	854.1650000
801.3085177	0.0166210	798.7700000	829.9090000
801.7314348	0.0155243	776.8180000	805.0650000
802.1543518	0.0148448	755.4350000	781.6680000
802.5772689	0.0137136	742.4640000	766.2650000
803.0001859	0.0137138	729.4670000	752.8620000
803.4231030	0.0129924	712.2190000	733.8480000
803.8460200	0.0137010	689.6130000	711.7090000
804.2689371	0.0132920	664.9160000	685.5750000
804.6918541	0.0138714	635.7520000	656.3870000
805.1147712	0.0144046	606.7410000	627.2130000
805.5376882	0.0138161	581.7480000	600.5570000
805.9606053	0.0138954	568.2040000	586.6710000
806.3835224	0.0122447	570.5690000	586.8890000
806.8064394	0.0113408	594.5110000	610.2350000
807.2293565	0.0098668	630.2210000	644.7020000
807.6522735	0.0097208	654.0080000	668.8170000
808.0751906	0.0090984	639.3220000	652.8490000
808.4981076	0.0094466	609.9300000	623.3410000
808.9210247	0.0089852	595.4080000	607.8620000
809.3439417	0.0081308	601.4450000	612.8240000
809.7668588	0.0076793	595.5610000	606.1930000
810.1897758	0.0066606	585.3700000	594.4220000
810.6126929	0.0059442	577.3500000	585.3120000
811.0356099	0.0052151	572.5680000	579.4890000
811.4585270	0.0047950	564.4750000	570.7470000
811.8814441	0.0043798	557.9300000	563.5950000
812.3043611	0.0046110	551.4940000	557.3860000
812.7272782	0.0044805	544.4070000	550.0600000
813.1501952	0.0043136	540.5000000	545.9060000
813.5731123	0.0043926	535.9310000	541.3850000
813.9960293	0.0040788	535.5320000	540.5960000
814.4189464	0.0039338	534.6160000	539.4970000
814.8418634	0.0034107	538.4600000	542.7160000
815.2647805	0.0033025	541.6700000	545.8090000
815.6876975	0.0030226	549.5240000	553.3770000
816.1106146	0.0027987	556.9790000	560.5990000
816.5335316	0.0027967	568.7290000	572.4090000
816.9564487	0.0029284	580.2500000	584.1740000
817.3793658	0.0029697	595.6880000	599.7810000
817.8022828	0.0031825	610.4080000	614.9090000
818.2251999	0.0031001	630.8800000	635.4210000
818.6481169	0.0027677	650.1530000	654.3240000
819.0710340	0.0024924	672.5720000	676.4550000
819.4939510	0.0026614	693.7910000	698.0730000
819.9168681	0.0026544	719.1000000	723.5230000
820.3397851	0.0025200	743.2630000	747.6130000
820.7627022	0.0024143	771.0230000	775.3360000
821.1856192	0.0024189	793.3010000	797.7450000
821.6085363	0.0025716	821.2320000	826.1040000
822.0314533	0.0026851	845.2790000	850.5500000
822.4543704	0.0026374	871.4700000	876.8030000
822.8772875	0.0027579	893.4730000	899.1820000
823.3002045	0.0028942	913.6800000	919.8270000
823.7231216	0.0029554	930.6410000	937.0470000
824.1460386	0.0030176	944.2400000	950.8450000
824.5689557	0.0032343	955.2940000	962.4520000
824.9918727	0.0031817	958.3600000	965.4200000
825.4147898	0.0032903	961.6270000	968.9740000
825.8377068	0.0035465	956.0350000	963.9080000
826.2606239	0.0037106	954.2560000	962.4650000
826.6835409	0.0037847	943.3960000	951.6950000
827.1064580	0.0037061	939.8280000	947.9430000
827.5293751	0.0036803	931.6930000	939.6860000
827.9522921	0.0037610	935.2640000	943.5180000
828.3752092	0.0035770	940.3740000	948.2900000
828.7981262	0.0035960	960.2050000	968.3460000
829.2210433	0.0035907	986.2630000	994.6830000
829.6439603	0.0033873	1032.8180000	1041.1430000
830.0668774	0.0032901	1084.4150000	1092.9050000
830.4897944	0.0029434	1166.9620000	1175.1420000
830.9127115	0.0026745	1245.5160000	1253.4430000
831.3356285	0.0025574	1359.3850000	1367.6340000
831.7585456	0.0025575	1465.6430000	1474.5260000
832.1814626	0.0022925	1604.2120000	1612.8270000
832.6043797	0.0024822	1713.7890000	1723.6730000
833.0272968	0.0023556	1861.5890000	1871.7440000
833.4502138	0.0022696	1966.6060000	1976.9030000
833.8731309	0.0022692	2103.0340000	2114.0340000
834.2960479	0.0023402	2191.7370000	2203.4880000
834.7189650	0.0022899	2300.8610000	2312.9720000
835.1418820	0.0023203	2355.3330000	2367.8790000
835.5647991	0.0025967	2415.9670000	2430.4810000
835.9877161	0.0024367	2448.3270000	2462.1940000
836.4106332	0.0025833	2485.4370000	2500.3470000
836.8335502	0.0025622	2495.1520000	2510.0820000
837.2564673	0.0028791	2496.7670000	2513.6640000
837.6793843	0.0030344	2496.9810000	2514.7450000
838.1023014	0.0027699	2508.6770000	2525.0000000
838.5252185	0.0028755	2519.6150000	2536.6730000
838.9481355	0.0030918	2560.0560000	2578.6140000
839.3710526	0.0030881	2588.7450000	2607.4850000
839.7939696	0.0031106	2683.8920000	2703.3660000
840.2168867	0.0028932	2774.4690000	2793.1790000
840.6398037	0.0031623	2916.7260000	2938.1630000
841.0627208	0.0030243	3047.0490000	3068.3910000
841.4856378	0.0031759	3257.1910000	3281.1360000
841.9085549	0.0032658	3438.6180000	3464.5940000
842.3314719	0.0030563	3687.8610000	3713.9050000
842.7543890	0.0032785	3897.0780000	3926.6600000
843.1773060	0.0032611	4178.9250000	4210.3990000
843.6002231	0.0034653	4387.1830000	4422.3200000
844.0231402	0.0032541	4686.8570000	4722.0880000
844.4460572	0.0035967	4885.8800000	4926.4940000
844.8689743	0.0035592	5166.8300000	5209.3470000
845.2918913	0.0037470	5313.9470000	5359.9990000
845.7148084	0.0037479	5587.0390000	5635.4590000
846.1377254	0.0041563	5679.4740000	5734.1110000
846.5606425	0.0039169	5912.4030000	5965.9500000
846.9835595	0.0043162	5950.7040000	6010.1510000
847.4064766	0.0043657	6113.8360000	6175.5390000
847.8293936	0.0046113	6122.3660000	6187.6730000
848.2523107	0.0045105	6247.3880000	6312.5520000
848.6752278	0.0050713	6195.5550000	6268.2390000
849.0981448	0.0049694	6256.8780000	6328.8970000
849.5210619	0.0054359	6178.5990000	6256.3820000
849.9439789	0.0052027	6200.0980000	6274.7190000
850.3668960	0.0055639	6107.6490000	6186.2790000
850.7898130	0.0055459	6105.9400000	6184.3130000
851.2127301	0.0060072	5979.8410000	6063.0550000
851.6356471	0.0059269	5976.7260000	6058.6560000
852.0585642	0.0064649	5847.2330000	5934.7790000
852.4814812	0.0065221	5835.4810000	5923.6040000
852.9043983	0.0071252	5704.2600000	5798.4220000
853.3273153	0.0072166	5680.1730000	5775.0980000
853.7502324	0.0078365	5575.7930000	5677.0690000
854.1731495	0.0079385	5578.0610000	5680.7390000
854.5960665	0.0085688	5494.1190000	5603.4170000
855.0189836	0.0087120	5498.1380000	5609.3670000
855.4419006	0.0093556	5448.0650000	5566.5240000
855.8648177	0.0095889	5456.9870000	5578.6170000
856.2877347	0.0100930	5456.9330000	5585.0270000
856.7106518	0.0102801	5467.5360000	5598.3840000
857.1335688	0.0107877	5486.8940000	5624.7270000
857.5564859	0.0106912	5503.9750000	5640.9690000
857.9794029	0.0114695	5559.6970000	5708.3010000
858.4023200	0.0112066	5570.9500000	5716.4370000
858.8252370	0.0116041	5670.5110000	5823.9140000
859.2481541	0.0115396	5647.4050000	5799.2830000
859.6710712	0.0117364	5738.1130000	5895.1110000
860.0939882	0.0116306	5706.1800000	5860.9480000
860.5169053	0.0118278	5801.6810000	5961.6770000
860.9398223	0.0119849	5753.0900000	5913.8750000
861.3627394	0.0120939	5823.6340000	5987.8680000
861.7856564	0.0120324	5753.1160000	5914.5200000
862.2085735	0.0124346	5812.7380000	5981.3900000
862.6314905	0.0122787	5731.6020000	5895.6810000
863.0544076	0.0125750	5737.0050000	5905.3300000
863.4773246	0.0127358	5661.3840000	5829.6230000
863.9002417	0.0129618	5637.8450000	5808.4090000
864.3231587	0.0133634	5575.4040000	5749.3870000
864.7460758	0.0135591	5518.8380000	5693.6560000
865.1689929	0.0137047	5479.4120000	5654.9020000
865.5919099	0.0140416	5419.9890000	5597.9140000
866.0148270	0.0141098	5393.6040000	5571.5800000
866.4377440	0.0146715	5306.7870000	5489.0370000
866.8606611	0.0147083	5333.4460000	5517.0830000
867.2835781	0.0149244	5244.4230000	5427.6710000
867.7064952	0.0150053	5278.6620000	5464.1360000
868.1294122	0.0153480	5205.7790000	5392.9530000
868.5523293	0.0152993	5270.2380000	5459.0670000
868.9752463	0.0158599	5192.2470000	5385.2920000
869.3981634	0.0157748	5265.1670000	5459.8500000
869.8210805	0.0157621	5221.0010000	5413.8970000
870.2439975	0.0158935	5261.1670000	5457.2050000
870.6669146	0.0158316	5249.0100000	5443.7580000
871.0898316	0.0160288	5270.0800000	5468.1400000
871.5127487	0.0158066	5285.4900000	5481.3290000
871.9356657	0.0163381	5270.1730000	5472.0970000
872.3585828	0.0158762	5308.7270000	5506.3110000
872.7814998	0.0163627	5249.2570000	5450.7120000
873.2044169	0.0158572	5295.3140000	5492.1520000
873.6273339	0.0164036	5217.5740000	5418.3280000
874.0502510	0.0159305	5269.5880000	5466.3490000
874.4731680	0.0166737	5156.8810000	5358.6600000
874.8960851	0.0160375	5193.7470000	5389.0270000
875.3190022	0.0166719	5097.4730000	5296.8630000
875.7419192	0.0162265	5088.6010000	5282.2280000
876.1648363	0.0167804	5025.9360000	5223.8380000
876.5877533	0.0168333	4991.2090000	5188.4170000
877.0106704	0.0169207	4932.8750000	5128.7830000
877.4335874	0.0173165	4860.1190000	5057.7400000
877.8565045	0.0171544	4855.6580000	5051.2080000
878.2794215	0.0178047	4754.2920000	4953.1750000
878.7023386	0.0174240	4779.7800000	4975.3440000
879.1252556	0.0181772	4687.6640000	4887.9550000
879.5481727	0.0179789	4692.7400000	4891.0400000
879.9710897	0.0187919	4614.5780000	4818.5180000
880.3940068	0.0185728	4609.2010000	4810.5490000
880.8169239	0.0190631	4583.3640000	4788.9840000
881.2398409	0.0189386	4560.0030000	4763.2060000
881.6627580	0.0194347	4570.0250000	4779.0880000
882.0856750	0.0197567	4488.9610000	4697.8630000
882.5085921	0.0199784	4508.3590000	4720.5580000
882.9315091	0.0201440	4431.1990000	4641.5200000
