XDAS1	DAS1	XDAS2	DAS2	XDAS3	DAS3	XDAS4	DAS4	XDAS5	DAS5
300.492	-0.00163330	300.492	0.000573976	300.492	2.49467e-05	300.492	1.65221e-05	300.492	-5.05445e-05
300.915	-0.00581210	300.915	0.00235669	300.915	-2.23117e-06	300.915	-4.59554e-07	300.915	-8.09542e-05
301.339	-0.0111591	301.339	0.00424340	301.339	-5.49155e-05	301.339	3.03413e-05	301.339	-0.000156763
301.763	-0.00838425	301.763	0.00348635	301.763	-5.78517e-05	301.763	2.85308e-05	301.763	-0.000125034
302.187	-0.0121389	302.187	0.00526137	302.187	-9.34145e-05	302.187	7.86660e-05	302.187	-0.000221201
302.610	-0.0151139	302.610	0.00608017	302.610	-8.68185e-05	302.610	3.39520e-05	302.610	-0.000220861
303.034	-0.0144136	303.034	0.00556735	303.034	1.55411e-06	303.034	5.00931e-05	303.034	-0.000284053
303.458	-0.0251941	303.458	0.0111658	303.458	-3.47586e-05	303.458	3.18136e-05	303.458	-0.000434290
303.882	-0.0263414	303.882	0.0132452	303.882	-0.000103089	303.882	6.07080e-05	303.882	-0.000531514
304.306	-0.0334160	304.306	0.0142754	304.306	-0.000164332	304.306	6.61145e-05	304.306	-0.000537225
304.729	-0.0318622	304.729	0.0148992	304.729	-0.000125449	304.729	3.04962e-05	304.729	-0.000678636
305.153	-0.0332493	305.153	0.0173128	305.153	-0.000214711	305.153	5.47557e-05	305.153	-0.000802531
305.577	-0.0337299	305.577	0.0188645	305.577	-0.000155621	305.577	5.90576e-05	305.577	-0.000951568
306.001	-0.0276316	306.001	0.0166474	306.001	-0.000142951	306.001	8.14395e-05	306.001	-0.00104017
306.424	-0.0288805	306.424	0.0175753	306.424	-4.53811e-05	306.424	3.76567e-05	306.424	-0.00117074
306.848	-0.0333419	306.848	0.0210812	306.848	-9.90541e-05	306.848	9.72588e-05	306.848	-0.00146315
307.272	-0.0296725	307.272	0.0223805	307.272	-0.000318321	307.272	9.04221e-05	307.272	-0.00160956
307.696	-0.0231502	307.696	0.0203582	307.696	-0.000243418	307.696	9.77123e-05	307.696	-0.00179877
308.119	-0.0204750	308.119	0.0205558	308.119	-0.000256625	308.119	9.38970e-05	308.119	-0.00193120
308.543	-0.0202160	308.543	0.0215483	308.543	-0.000257906	308.543	9.97327e-05	308.543	-0.00215491
308.967	-0.0216147	308.967	0.0231303	308.967	-0.000378101	308.967	0.000134041	308.967	-0.00215249
309.391	-0.0385107	309.391	0.0303646	309.391	-0.000267012	309.391	0.000123054	309.391	-0.00235142
309.814	-0.0150000	309.814	0.0227183	309.814	-0.000257209	309.814	0.000154056	309.814	-0.00245433
310.238	-0.0430050	310.238	0.0359472	310.238	-0.000452536	310.238	0.000133199	310.238	-0.00252993
310.662	-0.0350108	310.662	0.0330184	310.662	-0.000227250	310.662	0.000123344	310.662	-0.00252604
311.086	-0.0599949	311.086	0.0442826	311.086	-0.000381062	311.086	0.000153506	311.086	-0.00252963
311.509	-0.0660032	311.509	0.0479622	311.509	-0.000391436	311.509	0.000132004	311.509	-0.00247593
311.933	-0.0851683	311.933	0.0569516	311.933	-0.000481626	311.933	0.000162031	311.933	-0.00242216
312.357	-0.0951945	312.357	0.0614909	312.357	-0.000389805	312.357	0.000157958	312.357	-0.00234741
312.781	-0.110693	312.781	0.0698183	312.781	-0.000501225	312.781	0.000157665	312.781	-0.00230105
313.205	-0.125821	313.205	0.0770150	313.205	-0.000429615	313.205	0.000134859	313.205	-0.00213204
313.628	-0.136612	313.628	0.0822658	313.628	-0.000380680	313.628	0.000131390	313.628	-0.00200953
314.052	-0.147513	314.052	0.0881108	314.052	-0.000375992	314.052	0.000129756	314.052	-0.00194133
314.476	-0.161506	314.476	0.0956624	314.476	-0.000378576	314.476	0.000121788	314.476	-0.00176818
314.900	-0.156145	314.900	0.0944074	314.900	-0.000348832	314.900	0.000111806	314.900	-0.00166608
315.323	-0.165825	315.323	0.0999114	315.323	-0.000483107	315.323	0.000104162	315.323	-0.00152794
315.747	-0.186983	315.747	0.110197	315.747	-0.000607179	315.747	0.000126910	315.747	-0.00138990
316.171	-0.180598	316.171	0.108286	316.171	-0.000496187	316.171	0.000102976	316.171	-0.00128013
316.595	-0.169061	316.595	0.105430	316.595	-0.000415389	316.595	0.000105239	316.595	-0.00117149
317.018	-0.181897	317.018	0.112095	317.018	-0.000543765	317.018	0.000119172	317.018	-0.00114779
317.442	-0.176317	317.442	0.111390	317.442	-0.000575236	317.442	8.64776e-05	317.442	-0.000973737
317.866	-0.184083	317.866	0.115579	317.866	-0.000615616	317.866	0.000102547	317.866	-0.000976143
318.290	-0.177151	318.290	0.113901	318.290	-0.000645444	318.290	9.18005e-05	318.290	-0.000801485
318.713	-0.177979	318.713	0.115409	318.713	-0.000660333	318.713	8.25909e-05	318.713	-0.000811587
319.137	-0.186584	319.137	0.120173	319.137	-0.000788008	319.137	4.92335e-05	319.137	-0.000778774
319.561	-0.197531	319.561	0.126853	319.561	-0.000904134	319.561	6.94655e-05	319.561	-0.000739644
319.985	-0.200145	319.985	0.128587	319.985	-0.000916812	319.985	7.62216e-05	319.985	-0.000738579
320.408	-0.177796	320.408	0.119370	320.408	-0.000787972	320.408	5.52567e-05	320.408	-0.000683595
320.832	-0.170424	320.832	0.117292	320.832	-0.000803595	320.832	5.15875e-05	320.832	-0.000581532
321.256	-0.167147	321.256	0.118170	321.256	-0.000993391	321.256	1.49364e-05	321.256	-0.000602098
321.680	-0.178259	321.680	0.124329	321.680	-0.00104138	321.680	-9.25031e-06	321.680	-0.000577903
322.104	-0.161741	322.104	0.116807	322.104	-0.000893165	322.104	-1.46213e-05	322.104	-0.000629331
322.527	-0.140604	322.527	0.107921	322.527	-0.000748156	322.527	-3.96593e-05	322.527	-0.000561694
322.951	-0.125772	322.951	0.102118	322.951	-0.000736213	322.951	-5.09902e-05	322.951	-0.000552825
323.375	-0.119753	323.375	0.101461	323.375	-0.000975133	323.375	-4.41272e-05	323.375	-0.000551072
323.799	-0.118592	323.799	0.102112	323.799	-0.00101172	323.799	-6.27137e-05	323.799	-0.000465701
324.222	-0.100087	324.222	0.0939264	324.222	-0.000838729	324.222	-8.83902e-05	324.222	-0.000436096
324.646	-0.0741376	324.646	0.0831654	324.646	-0.000831140	324.646	-0.000113558	324.646	-0.000383429
325.070	-0.0591325	325.070	0.0776617	325.070	-0.000696533	325.070	-0.000171751	325.070	-0.000377915
325.494	-0.0479559	325.494	0.0753365	325.494	-0.000940101	325.494	-0.000140828	325.494	-0.000373040
325.917	-0.0427186	325.917	0.0721750	325.917	-0.000913735	325.917	-0.000154949	325.917	-0.000405454
326.341	-0.0179462	326.341	0.0611268	326.341	-0.000718645	326.341	-0.000189547	326.341	-0.000387231
326.765	-0.00449053	326.765	0.0553130	326.765	-0.000612438	326.765	-0.000198314	326.765	-0.000396829
327.189	0.0119422	327.189	0.0502962	327.189	-0.000656504	327.189	-0.000243955	327.189	-0.000348887
327.612	0.0199195	327.612	0.0473620	327.612	-0.000655902	327.612	-0.000235052	327.612	-0.000376850
328.036	0.0270528	328.036	0.0436911	328.036	-0.000620377	328.036	-0.000265362	328.036	-0.000365960
328.460	0.0449776	328.460	0.0357283	328.460	-0.000529367	328.460	-0.000306301	328.460	-0.000235020
328.884	0.0515586	328.884	0.0343598	328.884	-0.000585012	328.884	-0.000307751	328.884	-0.000249007
329.307	0.0484892	329.307	0.0362576	329.307	-0.000741054	329.307	-0.000298894	329.307	-0.000275005
329.731	0.0442432	329.731	0.0389064	329.731	-0.000871826	329.731	-0.000298963	329.731	-0.000274847
330.155	0.0438402	330.155	0.0372871	330.155	-0.000781460	330.155	-0.000311801	330.155	-0.000263057
330.579	0.0482693	330.579	0.0358068	330.579	-0.000739017	330.579	-0.000336190	330.579	-0.000243437
331.002	0.0574220	331.002	0.0310120	331.002	-0.000724588	331.002	-0.000353476	331.002	-0.000263361
331.426	0.0839433	331.426	0.0207339	331.426	-0.000575200	331.426	-0.000389570	331.426	-0.000228492
331.850	0.0804756	331.850	0.0241010	331.850	-0.000859432	331.850	-0.000393238	331.850	-0.000255802
332.274	0.0662168	332.274	0.0288717	332.274	-0.000909063	332.274	-0.000414414	332.274	-0.000277359
332.698	0.0818421	332.698	0.0216391	332.698	-0.000692501	332.698	-0.000439041	332.698	-0.000205459
333.121	0.0936809	333.121	0.0167432	333.121	-0.000705578	333.121	-0.000467361	333.121	-0.000176717
333.545	0.102723	333.545	0.0119764	333.545	-0.000611278	333.545	-0.000485166	333.545	-0.000214373
333.969	0.107867	333.969	0.0120554	333.969	-0.000800715	333.969	-0.000492305	333.969	-0.000177336
334.393	0.109319	334.393	0.00972600	334.393	-0.000792889	334.393	-0.000496466	334.393	-0.000213955
334.816	0.115911	334.816	0.00586214	334.816	-0.000674941	334.816	-0.000507309	334.816	-0.000219699
335.240	0.132048	335.240	-0.00125569	335.240	-0.000549578	335.240	-0.000553775	335.240	-0.000216214
335.664	0.150150	335.664	-0.00876643	335.664	-0.000522644	335.664	-0.000562883	335.664	-0.000146280
336.088	0.156329	336.088	-0.00991957	336.088	-0.000676970	336.088	-0.000552062	336.088	-0.000182458
336.511	0.153495	336.511	-0.00951826	336.511	-0.000727755	336.511	-0.000563230	336.511	-0.000205077
336.935	0.163068	336.935	-0.0142752	336.935	-0.000701107	336.935	-0.000585745	336.935	-0.000214734
337.359	0.175880	337.359	-0.0199646	337.359	-0.000665535	337.359	-0.000631549	337.359	-0.000149800
337.783	0.192812	337.783	-0.0271413	337.783	-0.000573174	337.783	-0.000649050	337.783	-0.000132171
338.206	0.211983	338.206	-0.0346770	338.206	-0.000586270	338.206	-0.000664946	338.206	-0.000104650
338.630	0.215597	338.630	-0.0361754	338.630	-0.000679407	338.630	-0.000667368	338.630	-0.000136007
339.054	0.218181	339.054	-0.0393043	339.054	-0.000563219	339.054	-0.000652860	339.054	-0.000162537
339.478	0.225810	339.478	-0.0430885	339.478	-0.000548959	339.478	-0.000685006	339.478	-0.000137982
339.901	0.250875	339.901	-0.0544252	339.901	-0.000399182	339.901	-0.000728212	339.901	-9.04843e-05
340.325	0.271003	340.325	-0.0631389	340.325	-0.000378435	340.325	-0.000737988	340.325	-0.000120307
340.749	0.293159	340.749	-0.0717439	340.749	-0.000480912	340.749	-0.000744133	340.749	-7.97019e-05
341.173	0.283522	341.173	-0.0692527	341.173	-0.000541691	341.173	-0.000746993	341.173	-4.41062e-05
341.597	0.290419	341.597	-0.0727699	341.597	-0.000493677	341.597	-0.000755412	341.597	-4.09092e-05
342.020	0.297451	342.020	-0.0768357	342.020	-0.000469663	342.020	-0.000754783	342.020	-4.38421e-05
342.444	0.314204	342.444	-0.0846042	342.444	-0.000446360	342.444	-0.000772734	342.444	-8.22244e-06
342.868	0.317698	342.868	-0.0858873	342.868	-0.000435296	342.868	-0.000766297	342.868	1.63271e-05
343.292	0.328160	343.292	-0.0893305	343.292	-0.000552022	343.292	-0.000771909	343.292	2.61618e-05
343.715	0.303653	343.715	-0.0800575	343.715	-0.000608274	343.715	-0.000766350	343.715	1.92250e-05
344.139	0.295751	344.139	-0.0774262	344.139	-0.000641070	344.139	-0.000747003	344.139	3.62928e-05
344.563	0.289630	344.563	-0.0756679	344.563	-0.000546620	344.563	-0.000736245	344.563	2.50099e-05
344.987	0.287662	344.987	-0.0753180	344.987	-0.000494579	344.987	-0.000756532	344.987	8.11656e-05
345.410	0.294797	345.410	-0.0786862	345.410	-0.000442512	345.410	-0.000742199	345.410	8.05556e-05
345.834	0.297279	345.834	-0.0794763	345.834	-0.000406574	345.834	-0.000734539	345.834	9.39939e-05
346.258	0.292555	346.258	-0.0770757	346.258	-0.000547590	346.258	-0.000707287	346.258	0.000138608
346.682	0.267933	346.682	-0.0668698	346.682	-0.000675955	346.682	-0.000702629	346.682	0.000205228
347.105	0.261590	347.105	-0.0650119	347.105	-0.000700092	347.105	-0.000684876	347.105	0.000224022
347.529	0.256377	347.529	-0.0631506	347.529	-0.000672726	347.529	-0.000675484	347.529	0.000244434
347.953	0.262254	347.953	-0.0662485	347.953	-0.000630896	347.953	-0.000656894	347.953	0.000255033
348.377	0.281641	348.377	-0.0736899	348.377	-0.000636128	348.377	-0.000641113	348.377	0.000333765
348.800	0.280304	348.800	-0.0733481	348.800	-0.000619286	348.800	-0.000581111	348.800	0.000317761
349.224	0.281255	349.224	-0.0733099	349.224	-0.000769109	349.224	-0.000534268	349.224	0.000327146
349.648	0.267512	349.648	-0.0696473	349.648	-0.000593720	349.648	-0.000535137	349.648	0.000369223
350.072	0.245902	350.072	-0.0619333	350.072	-0.000622117	350.072	-0.000498988	350.072	0.000338026
350.496	0.240670	350.496	-0.0601412	350.496	-0.000620695	350.496	-0.000447319	350.496	0.000299601
350.919	0.239140	350.919	-0.0589629	350.919	-0.000684488	350.919	-0.000421156	350.919	0.000322683
351.343	0.228327	351.343	-0.0545051	351.343	-0.000680322	351.343	-0.000403637	351.343	0.000301496
351.767	0.219381	351.767	-0.0499017	351.767	-0.000748047	351.767	-0.000385710	351.767	0.000331557
352.191	0.184592	352.191	-0.0341107	352.191	-0.000907179	352.191	-0.000344122	352.191	0.000349738
352.614	0.153167	352.614	-0.0186540	352.614	-0.00102935	352.614	-0.000303139	352.614	0.000385027
353.038	0.152213	353.038	-0.0131313	353.038	-0.00108774	353.038	-0.000291009	353.038	0.000431724
353.462	0.193704	353.462	-0.0223127	353.462	-0.00101377	353.462	-0.000266340	353.462	0.000466415
353.886	0.307545	353.886	-0.0575576	353.886	-0.000877742	353.886	-0.000241302	353.886	0.000443230
354.309	0.488200	354.309	-0.119629	354.309	-0.000489264	354.309	-0.000235136	354.309	0.000445060
354.733	0.709611	354.733	-0.199763	354.733	4.31135e-05	354.733	-0.000220632	354.733	0.000414350
355.157	0.857231	355.157	-0.255547	355.157	0.000548607	355.157	-0.000228647	355.157	0.000463956
355.581	0.925068	355.581	-0.283436	355.581	0.000739172	355.581	-0.000197422	355.581	0.000447249
356.004	0.921268	356.004	-0.286899	356.004	0.000828648	356.004	-0.000181573	356.004	0.000450741
356.428	0.839261	356.428	-0.262558	356.428	0.000628026	356.428	-0.000147017	356.428	0.000454975
356.852	0.726865	356.852	-0.228214	356.852	0.000389186	356.852	-0.000103683	356.852	0.000488279
357.276	0.610567	357.276	-0.189882	357.276	-2.99716e-05	357.276	-6.86614e-05	357.276	0.000447140
357.699	0.512060	357.699	-0.156743	357.699	-0.000397218	357.699	-3.83368e-05	357.699	0.000444227
358.123	0.402116	358.123	-0.117780	358.123	-0.000824931	358.123	1.16586e-05	358.123	0.000433450
358.547	0.337478	358.547	-0.0965459	358.547	-0.000987094	358.547	3.17769e-05	358.547	0.000429261
358.971	0.294159	358.971	-0.0822119	358.971	-0.00101668	358.971	3.16606e-05	358.971	0.000436479
359.394	0.273913	359.394	-0.0759363	359.394	-0.00111516	359.394	5.28803e-05	359.394	0.000427616
359.818	0.251819	359.818	-0.0679391	359.818	-0.00123010	359.818	8.24979e-05	359.818	0.000455218
360.242	0.236321	360.242	-0.0632487	360.242	-0.00123108	360.242	0.000105111	360.242	0.000408116
360.666	0.229133	360.666	-0.0609109	360.666	-0.00129303	360.666	0.000135817	360.666	0.000411142
361.090	0.225736	361.090	-0.0599495	361.090	-0.00130694	361.090	0.000130274	361.090	0.000435395
361.513	0.222779	361.513	-0.0595031	361.513	-0.00138185	361.513	0.000172110	361.513	0.000442838
361.937	0.197780	361.937	-0.0501230	361.937	-0.00142710	361.937	0.000189499	361.937	0.000415275
362.361	0.188378	362.361	-0.0467980	362.361	-0.00143304	362.361	0.000198406	362.361	0.000397691
362.785	0.170171	362.785	-0.0399110	362.785	-0.00147354	362.785	0.000211163	362.785	0.000346376
363.208	0.162102	363.208	-0.0360677	363.208	-0.00162401	363.208	0.000230123	363.208	0.000315283
363.632	0.168789	363.632	-0.0394888	363.632	-0.00158869	363.632	0.000262607	363.632	0.000317436
364.056	0.166787	364.056	-0.0393589	364.056	-0.00159178	364.056	0.000258068	364.056	0.000255969
364.480	0.175499	364.480	-0.0425221	364.480	-0.00171262	364.480	0.000281922	364.480	0.000248214
364.903	0.177563	364.903	-0.0428237	364.903	-0.00183636	364.903	0.000319896	364.903	0.000232495
365.327	0.159982	365.327	-0.0361994	365.327	-0.00183897	365.327	0.000302842	365.327	0.000216209
365.751	0.138158	365.751	-0.0281726	365.751	-0.00200561	365.751	0.000315100	365.751	0.000149710
366.175	0.139998	366.175	-0.0283909	366.175	-0.00205569	366.175	0.000318966	366.175	0.000188241
366.598	0.136705	366.598	-0.0282567	366.598	-0.00198208	366.598	0.000314792	366.598	0.000149983
367.022	0.126942	367.022	-0.0256111	367.022	-0.00205886	367.022	0.000342940	367.022	8.47611e-05
367.446	0.131941	367.446	-0.0267997	367.446	-0.00201544	367.446	0.000336596	367.446	0.000142435
367.870	0.138768	367.870	-0.0308332	367.870	-0.00202175	367.870	0.000338152	367.870	7.29536e-05
368.293	0.140123	368.293	-0.0307005	368.293	-0.00211946	368.293	0.000370772	368.293	6.36436e-05
368.717	0.137946	368.717	-0.0298673	368.717	-0.00216130	368.717	0.000372734	368.717	4.78463e-05
369.141	0.124638	369.141	-0.0258434	369.141	-0.00222027	369.141	0.000408430	369.141	-2.18769e-05
369.565	0.121740	369.565	-0.0248727	369.565	-0.00221849	369.565	0.000431795	369.565	-6.94672e-06
369.989	0.121946	369.989	-0.0254107	369.989	-0.00216839	369.989	0.000432373	369.989	-1.89690e-05
370.412	0.123870	370.412	-0.0267324	370.412	-0.00217517	370.412	0.000448763	370.412	-5.95747e-05
370.836	0.129951	370.836	-0.0298667	370.836	-0.00212075	370.836	0.000457793	370.836	-4.16613e-05
371.260	0.131011	371.260	-0.0306040	371.260	-0.00226663	371.260	0.000480409	371.260	-8.56363e-05
371.684	0.134505	371.684	-0.0315101	371.684	-0.00238970	371.684	0.000496156	371.684	-2.28775e-05
372.107	0.139933	372.107	-0.0348297	372.107	-0.00222907	372.107	0.000498022	372.107	-9.87546e-05
372.531	0.123995	372.531	-0.0286058	372.531	-0.00240493	372.531	0.000521159	372.531	-8.42020e-05
372.955	0.112372	372.955	-0.0233622	372.955	-0.00247894	372.955	0.000526397	372.955	-5.78700e-05
373.379	0.106226	373.379	-0.0204040	373.379	-0.00264880	373.379	0.000555729	373.379	-6.49837e-05
373.802	0.105326	373.802	-0.0199151	373.802	-0.00262178	373.802	0.000546788	373.802	-2.17234e-05
374.226	0.124500	374.226	-0.0279649	374.226	-0.00250790	374.226	0.000547881	374.226	-1.29442e-05
374.650	0.139419	374.650	-0.0339013	374.650	-0.00249361	374.650	0.000566512	374.650	2.36822e-05
375.074	0.143607	375.074	-0.0359497	375.074	-0.00244306	375.074	0.000574478	375.074	1.70473e-05
375.497	0.153558	375.497	-0.0401913	375.497	-0.00248786	375.497	0.000593697	375.497	0.000131841
375.921	0.142610	375.921	-0.0355184	375.921	-0.00259975	375.921	0.000609565	375.921	0.000103770
376.345	0.121945	376.345	-0.0275469	376.345	-0.00261656	376.345	0.000640447	376.345	0.000154586
376.769	0.108096	376.769	-0.0223232	376.769	-0.00261901	376.769	0.000652679	376.769	0.000204027
377.192	0.102474	377.192	-0.0200400	377.192	-0.00260722	377.192	0.000661005	377.192	0.000225145
377.616	0.116283	377.616	-0.0258634	377.616	-0.00254933	377.616	0.000683932	377.616	0.000271139
378.040	0.121090	378.040	-0.0277650	378.040	-0.00256057	378.040	0.000713676	378.040	0.000287568
378.464	0.133616	378.464	-0.0331650	378.464	-0.00251574	378.464	0.000738859	378.464	0.000359200
378.888	0.144125	378.888	-0.0376101	378.888	-0.00248933	378.888	0.000749679	378.888	0.000421778
379.311	0.142368	379.311	-0.0367501	379.311	-0.00259926	379.311	0.000794745	379.311	0.000455123
379.735	0.144755	379.735	-0.0371648	379.735	-0.00260781	379.735	0.000818619	379.735	0.000474076
380.159	0.125829	380.159	-0.0292843	380.159	-0.00267840	380.159	0.000835631	380.159	0.000512387
380.583	0.110714	380.583	-0.0230514	380.583	-0.00276302	380.583	0.000851577	380.583	0.000570728
381.006	0.117783	381.006	-0.0252789	381.006	-0.00269699	381.006	0.000872489	381.006	0.000587460
381.430	0.128777	381.430	-0.0284904	381.430	-0.00269977	381.430	0.000879867	381.430	0.000635320
381.854	0.160333	381.854	-0.0398513	381.854	-0.00261381	381.854	0.000899707	381.854	0.000642587
382.278	0.193208	382.278	-0.0530808	382.278	-0.00248978	382.278	0.000898453	382.278	0.000648206
382.701	0.228374	382.701	-0.0663255	382.701	-0.00246229	382.701	0.000940162	382.701	0.000652444
383.125	0.250558	383.125	-0.0757244	383.125	-0.00239660	383.125	0.000929883	383.125	0.000662027
383.549	0.254996	383.549	-0.0787753	383.549	-0.00231530	383.549	0.000944421	383.549	0.000662306
383.973	0.222638	383.973	-0.0672021	383.973	-0.00244842	383.973	0.000985767	383.973	0.000685574
384.396	0.192339	384.396	-0.0576153	384.396	-0.00245034	384.396	0.00100498	384.396	0.000650651
384.820	0.163908	384.820	-0.0472088	384.820	-0.00248937	384.820	0.00101767	384.820	0.000641178
385.244	0.143222	385.244	-0.0406217	385.244	-0.00246285	385.244	0.00103070	385.244	0.000612219
385.668	0.135398	385.668	-0.0386119	385.668	-0.00242562	385.668	0.00103394	385.668	0.000639105
386.091	0.129532	386.091	-0.0367532	386.091	-0.00243426	386.091	0.00106989	386.091	0.000632816
386.515	0.128879	386.515	-0.0370952	386.515	-0.00237934	386.515	0.00108432	386.515	0.000597379
386.939	0.130911	386.939	-0.0380680	386.939	-0.00241166	386.939	0.00111181	386.939	0.000556314
387.363	0.133215	387.363	-0.0386837	387.363	-0.00237394	387.363	0.00111367	387.363	0.000550171
387.787	0.121122	387.787	-0.0342016	387.787	-0.00235978	387.787	0.00113362	387.787	0.000468518
388.210	0.109075	388.210	-0.0291180	388.210	-0.00240190	388.210	0.00114008	388.210	0.000427076
388.634	0.100358	388.634	-0.0264580	388.634	-0.00240352	388.634	0.00115526	388.634	0.000398082
389.058	0.0937669	389.058	-0.0243658	389.058	-0.00235941	389.058	0.00117667	389.058	0.000369495
389.482	0.0999324	389.482	-0.0267578	389.482	-0.00233191	389.482	0.00118575	389.482	0.000329491
389.905	0.104715	389.905	-0.0282357	389.905	-0.00228254	389.905	0.00119743	389.905	0.000301357
390.329	0.105815	390.329	-0.0295116	390.329	-0.00230865	390.329	0.00121131	390.329	0.000266440
390.753	0.113699	390.753	-0.0328556	390.753	-0.00223329	390.753	0.00120837	390.753	0.000227991
391.177	0.119004	391.177	-0.0347065	391.177	-0.00221220	391.177	0.00122056	391.177	0.000166934
391.600	0.127716	391.600	-0.0384879	391.600	-0.00220261	391.600	0.00124219	391.600	9.70883e-05
392.024	0.117188	392.024	-0.0348611	392.024	-0.00221046	392.024	0.00124016	392.024	4.23326e-05
392.448	0.115676	392.448	-0.0341462	392.448	-0.00224841	392.448	0.00124757	392.448	2.76835e-05
392.872	0.104202	392.872	-0.0294005	392.872	-0.00229664	392.872	0.00124791	392.872	-4.72497e-05
393.295	0.101044	393.295	-0.0284007	393.295	-0.00228495	393.295	0.00125166	393.295	-0.000122692
393.719	0.100547	393.719	-0.0285478	393.719	-0.00226945	393.719	0.00123942	393.719	-0.000183194
394.143	0.106682	394.143	-0.0308934	394.143	-0.00228841	394.143	0.00123896	394.143	-0.000233284
394.567	0.118395	394.567	-0.0357558	394.567	-0.00229737	394.567	0.00123423	394.567	-0.000286192
394.990	0.125148	394.990	-0.0387043	394.990	-0.00236106	394.990	0.00118555	394.990	-0.000373948
395.414	0.126843	395.414	-0.0391923	395.414	-0.00262694	395.414	0.00116823	395.414	-0.000446208
395.838	0.131045	395.838	-0.0418171	395.838	-0.00279828	395.838	0.00112811	395.838	-0.000455285
396.262	0.113064	396.262	-0.0363432	396.262	-0.00314996	396.262	0.00113476	396.262	-0.000468161
396.685	0.101642	396.685	-0.0352552	396.685	-0.00312816	396.685	0.00112429	396.685	-0.000411169
397.109	0.0903844	397.109	-0.0337917	397.109	-0.00306868	397.109	0.00119071	397.109	-0.000363166
397.533	0.0850982	397.533	-0.0354601	397.533	-0.00273988	397.533	0.00126089	397.533	-0.000315189
397.957	0.0604986	397.957	-0.0279567	397.957	-0.00263444	397.957	0.00135535	397.957	-0.000339253
398.381	0.0212685	398.381	-0.0119409	398.381	-0.00272364	398.381	0.00143030	398.381	-0.000449728
398.804	-0.0110032	398.804	0.00353762	398.804	-0.00306763	398.804	0.00145754	398.804	-0.000576360
399.228	-0.0189001	399.228	0.00971505	399.228	-0.00349239	399.228	0.00151913	399.228	-0.000741416
399.652	-0.0119787	399.652	0.00927753	399.652	-0.00373128	399.652	0.00147890	399.652	-0.000840699
400.076	0.0112366	400.076	-0.000250251	400.076	-0.00358318	400.076	0.00148541	400.076	-0.000915246
400.499	0.0318396	400.499	-0.00879712	400.499	-0.00319691	400.499	0.00143818	400.499	-0.000870141
400.923	0.0526729	400.923	-0.0183263	400.923	-0.00264232	400.923	0.00138398	400.923	-0.000774243
401.347	0.0702788	401.347	-0.0259948	401.347	-0.00227872	401.347	0.00133027	401.347	-0.000663212
401.771	0.0794686	401.771	-0.0301599	401.771	-0.00199980	401.771	0.00125807	401.771	-0.000571868
402.194	0.0867752	402.194	-0.0331419	402.194	-0.00193731	402.194	0.00125946	402.194	-0.000537968
402.618	0.0977877	402.618	-0.0370683	402.618	-0.00184030	402.618	0.00123594	402.618	-0.000497305
403.042	0.109568	403.042	-0.0423747	403.042	-0.00174326	403.042	0.00122260	403.042	-0.000467976
403.466	0.113973	403.466	-0.0442364	403.466	-0.00170425	403.466	0.00123292	403.466	-0.000429326
403.889	0.123051	403.889	-0.0480971	403.889	-0.00161288	403.889	0.00123672	403.889	-0.000406994
404.313	0.132530	404.313	-0.0521898	404.313	-0.00148302	404.313	0.00121950	404.313	-0.000347109
404.737	0.138044	404.737	-0.0547848	404.737	-0.00144484	404.737	0.00120524	404.737	-0.000302513
405.161	0.138856	405.161	-0.0552521	405.161	-0.00138843	405.161	0.00119419	405.161	-0.000262672
405.584	0.130596	405.584	-0.0519867	405.584	-0.00139925	405.584	0.00119369	405.584	-0.000235006
406.008	0.125864	406.008	-0.0497030	406.008	-0.00143308	406.008	0.00119211	406.008	-0.000173435
406.432	0.121897	406.432	-0.0485515	406.432	-0.00136110	406.432	0.00116801	406.432	-0.000164589
406.856	0.117413	406.856	-0.0465374	406.856	-0.00139181	406.856	0.00116605	406.856	-9.81856e-05
407.280	0.118779	407.280	-0.0473087	407.280	-0.00135128	407.280	0.00115201	407.280	-6.53074e-05
407.703	0.122162	407.703	-0.0487388	407.703	-0.00133223	407.703	0.00114316	407.703	-3.34184e-05
408.127	0.129642	408.127	-0.0519110	408.127	-0.00129642	408.127	0.00113681	408.127	4.27258e-06
408.551	0.142842	408.551	-0.0572104	408.551	-0.00126678	408.551	0.00112969	408.551	5.35706e-05
408.975	0.156622	408.975	-0.0635701	408.975	-0.00116238	408.975	0.00111417	408.975	8.88571e-05
409.398	0.163316	409.398	-0.0670732	409.398	-0.00113605	409.398	0.00111130	409.398	0.000130897
409.822	0.156259	409.822	-0.0656166	409.822	-0.00109441	409.822	0.00110362	409.822	0.000163087
410.246	0.130445	410.246	-0.0570811	410.246	-0.00114953	410.246	0.00109868	410.246	0.000179368
410.670	0.0985968	410.670	-0.0453384	410.670	-0.00122096	410.670	0.00109968	410.670	0.000191192
411.093	0.0595222	411.093	-0.0303417	411.093	-0.00132383	411.093	0.00107414	411.093	0.000213834
411.517	0.0324202	411.517	-0.0199365	411.517	-0.00142850	411.517	0.00108297	411.517	0.000233091
411.941	0.00919974	411.941	-0.0109736	411.941	-0.00149193	411.941	0.00107898	411.941	0.000258709
412.365	0.000897202	412.365	-0.00744175	412.365	-0.00152032	412.365	0.00107689	412.365	0.000266493
412.788	0.00292347	412.788	-0.00762926	412.788	-0.00151507	412.788	0.00106990	412.788	0.000297865
413.212	0.0133757	413.212	-0.0115094	413.212	-0.00144841	413.212	0.00105321	413.212	0.000311805
413.636	0.0260884	413.636	-0.0160777	413.636	-0.00143171	413.636	0.00104074	413.636	0.000318797
414.060	0.0423527	414.060	-0.0221127	414.060	-0.00134858	414.060	0.00103780	414.060	0.000336401
414.483	0.0575878	414.483	-0.0279074	414.483	-0.00127680	414.483	0.00102029	414.483	0.000347914
414.907	0.0665995	414.907	-0.0312905	414.907	-0.00123113	414.907	0.00101907	414.907	0.000350400
415.331	0.0665487	415.331	-0.0313027	415.331	-0.00124073	415.331	0.00101325	415.331	0.000359279
415.755	0.0617587	415.755	-0.0298098	415.755	-0.00122419	415.755	0.00100626	415.755	0.000353076
416.179	0.0621457	416.179	-0.0300669	416.179	-0.00120712	416.179	0.00100269	416.179	0.000391411
416.602	0.0553588	416.602	-0.0273477	416.602	-0.00123835	416.602	0.00100705	416.602	0.000379088
417.026	0.0463329	417.026	-0.0237711	417.026	-0.00127309	417.026	0.000995906	417.026	0.000385730
417.450	0.0394329	417.450	-0.0213353	417.450	-0.00126886	417.450	0.000986127	417.450	0.000398567
417.874	0.0390880	417.874	-0.0210975	417.874	-0.00127318	417.874	0.000978012	417.874	0.000398823
418.297	0.0409724	418.297	-0.0222249	418.297	-0.00124200	418.297	0.000966444	418.297	0.000397920
418.721	0.0501745	418.721	-0.0259626	418.721	-0.00117863	418.721	0.000965066	418.721	0.000404448
419.145	0.0591172	419.145	-0.0295122	419.145	-0.00113251	419.145	0.000954774	419.145	0.000396427
419.569	0.0575809	419.569	-0.0290236	419.569	-0.00112806	419.569	0.000943352	419.569	0.000403748
419.992	0.0542263	419.992	-0.0281917	419.992	-0.00113596	419.992	0.000947258	419.992	0.000426906
420.416	0.0417602	420.416	-0.0234284	420.416	-0.00115318	420.416	0.000939158	420.416	0.000400423
420.840	0.0300784	420.840	-0.0189831	420.840	-0.00117863	420.840	0.000938380	420.840	0.000426815
421.264	0.0245533	421.264	-0.0168323	421.264	-0.00122152	421.264	0.000949103	421.264	0.000432623
421.687	0.0261989	421.687	-0.0169787	421.687	-0.00119262	421.687	0.000946828	421.687	0.000421216
422.111	0.0279538	422.111	-0.0170834	422.111	-0.00119392	422.111	0.000924407	422.111	0.000417546
422.535	0.0351147	422.535	-0.0196137	422.535	-0.00116131	422.535	0.000913091	422.535	0.000416522
422.959	0.0436533	422.959	-0.0228010	422.959	-0.00113427	422.959	0.000912487	422.959	0.000426725
423.382	0.0570706	423.382	-0.0279782	423.382	-0.00111104	423.382	0.000909743	423.382	0.000438123
423.806	0.0712707	423.806	-0.0329840	423.806	-0.00107787	423.806	0.000920466	423.806	0.000421166
424.230	0.0814362	424.230	-0.0367209	424.230	-0.00100690	424.230	0.000895484	424.230	0.000424380
424.654	0.0905539	424.654	-0.0401665	424.654	-0.000974001	424.654	0.000892850	424.654	0.000419099
425.077	0.0946758	425.077	-0.0413927	425.077	-0.000959992	425.077	0.000881391	425.077	0.000424165
425.501	0.0970091	425.501	-0.0421869	425.501	-0.000949732	425.501	0.000886267	425.501	0.000423795
425.925	0.0962090	425.925	-0.0415893	425.925	-0.000980032	425.925	0.000879131	425.925	0.000419721
426.349	0.0952937	426.349	-0.0411672	426.349	-0.000994442	426.349	0.000885096	426.349	0.000416048
426.773	0.0953848	426.773	-0.0407290	426.773	-0.00101691	426.773	0.000883454	426.773	0.000421365
427.196	0.0939291	427.196	-0.0405156	427.196	-0.00100039	427.196	0.000882646	427.196	0.000414569
427.620	0.0907281	427.620	-0.0391375	427.620	-0.000991731	427.620	0.000871342	427.620	0.000398906
428.044	0.0920723	428.044	-0.0397586	428.044	-0.000992344	428.044	0.000875508	428.044	0.000399126
428.468	0.0911888	428.468	-0.0391179	428.468	-0.000994059	428.468	0.000871468	428.468	0.000395926
428.891	0.0916254	428.891	-0.0394164	428.891	-0.000966676	428.891	0.000857784	428.891	0.000392619
429.315	0.0939807	429.315	-0.0403688	429.315	-0.000957666	429.315	0.000862510	429.315	0.000381993
429.739	0.0943314	429.739	-0.0405371	429.739	-0.000970266	429.739	0.000860398	429.739	0.000377807
430.163	0.0963859	430.163	-0.0412479	430.163	-0.000989141	430.163	0.000872976	430.163	0.000358644
430.586	0.0889902	430.586	-0.0385890	430.586	-0.000984829	430.586	0.000861473	430.586	0.000347386
431.010	0.0873418	431.010	-0.0380635	431.010	-0.000995455	431.010	0.000857574	431.010	0.000355523
431.434	0.0847607	431.434	-0.0366149	431.434	-0.00102681	431.434	0.000872331	431.434	0.000335938
431.858	0.0837351	431.858	-0.0360407	431.858	-0.00100930	431.858	0.000865114	431.858	0.000316170
432.281	0.0784855	432.281	-0.0336777	432.281	-0.00102134	432.281	0.000859437	432.281	0.000284434
432.705	0.0751131	432.705	-0.0328269	432.705	-0.00105017	432.705	0.000874790	432.705	0.000275225
433.129	0.0735253	433.129	-0.0319395	433.129	-0.00104266	433.129	0.000860600	433.129	0.000272271
433.553	0.0739788	433.553	-0.0320231	433.553	-0.00105399	433.553	0.000867217	433.553	0.000249823
433.976	0.0717025	433.976	-0.0312451	433.976	-0.00105305	433.976	0.000866653	433.976	0.000232438
434.400	0.0720165	434.400	-0.0314376	434.400	-0.00101420	434.400	0.000865614	434.400	0.000204617
434.824	0.0723801	434.824	-0.0315140	434.824	-0.00103133	434.824	0.000870405	434.824	0.000180439
435.248	0.0734045	435.248	-0.0317957	435.248	-0.00102739	435.248	0.000861127	435.248	0.000172847
435.672	0.0735581	435.672	-0.0321987	435.672	-0.00100160	435.672	0.000851755	435.672	0.000145032
436.095	0.0739637	436.095	-0.0325847	436.095	-0.00100644	436.095	0.000860838	436.095	0.000126084
436.519	0.0735615	436.519	-0.0322530	436.519	-0.00100914	436.519	0.000866427	436.519	0.000110061
436.943	0.0687187	436.943	-0.0304024	436.943	-0.00102112	436.943	0.000871086	436.943	9.55858e-05
437.367	0.0676164	437.367	-0.0301812	437.367	-0.000998958	437.367	0.000858996	437.367	7.28748e-05
437.790	0.0606334	437.790	-0.0272709	437.790	-0.00102455	437.790	0.000862520	437.790	3.70742e-05
438.214	0.0634849	438.214	-0.0284221	438.214	-0.000987275	438.214	0.000859880	438.214	1.37703e-05
438.638	0.0587877	438.638	-0.0267498	438.638	-0.00100767	438.638	0.000866904	438.638	-2.16824e-05
439.062	0.0588659	439.062	-0.0268104	439.062	-0.00100428	439.062	0.000868033	439.062	-3.30480e-05
439.485	0.0556446	439.485	-0.0258477	439.485	-0.00101062	439.485	0.000862736	439.485	-6.20377e-05
439.909	0.0554900	439.909	-0.0259465	439.909	-0.000988143	439.909	0.000859609	439.909	-0.000100338
440.333	0.0600886	440.333	-0.0278466	440.333	-0.000951176	440.333	0.000856558	440.333	-0.000107073
440.757	0.0590762	440.757	-0.0275220	440.757	-0.000969350	440.757	0.000861244	440.757	-0.000129658
441.180	0.0584519	441.180	-0.0279807	441.180	-0.000910226	441.180	0.000851392	441.180	-0.000160445
441.604	0.0600421	441.604	-0.0289291	441.604	-0.000902872	441.604	0.000854162	441.604	-0.000190421
442.028	0.0649221	442.028	-0.0309597	442.028	-0.000892598	442.028	0.000855218	442.028	-0.000214569
442.452	0.0636136	442.452	-0.0306505	442.452	-0.000884390	442.452	0.000851735	442.452	-0.000236503
442.875	0.0597387	442.875	-0.0293306	442.875	-0.000916136	442.875	0.000853416	442.875	-0.000243056
443.299	0.0619065	443.299	-0.0302312	443.299	-0.000923083	443.299	0.000855687	443.299	-0.000269116
443.723	0.0623175	443.723	-0.0312626	443.723	-0.000909564	443.723	0.000848895	443.723	-0.000300856
444.147	0.0692403	444.147	-0.0346579	444.147	-0.000865892	444.147	0.000842245	444.147	-0.000334161
444.571	0.0825163	444.571	-0.0411489	444.571	-0.000791695	444.571	0.000841118	444.571	-0.000351110
444.994	0.0917690	444.994	-0.0469105	444.994	-0.000680276	444.994	0.000822884	444.994	-0.000353812
445.418	0.0984721	445.418	-0.0514659	445.418	-0.000634295	445.418	0.000822072	445.418	-0.000372508
445.842	0.0909890	445.842	-0.0519049	445.842	-0.000539753	445.842	0.000806291	445.842	-0.000377395
446.266	0.0599401	446.266	-0.0436546	446.266	-0.000526847	446.266	0.000807899	446.266	-0.000398864
446.689	-0.00318331	446.689	-0.0229069	446.689	-0.000669996	446.689	0.000817407	446.689	-0.000416093
447.113	-0.0899976	447.113	0.00728543	447.113	-0.000880030	447.113	0.000822984	447.113	-0.000448281
447.537	-0.198756	447.537	0.0467154	447.537	-0.00112354	447.537	0.000840984	447.537	-0.000443381
447.961	-0.333687	447.961	0.0964894	447.961	-0.00148581	447.961	0.000862526	447.961	-0.000458681
448.384	-0.478007	448.384	0.151512	448.384	-0.00200860	448.384	0.000892164	448.384	-0.000484082
448.808	-0.604755	448.808	0.200613	448.808	-0.00246472	448.808	0.000923955	448.808	-0.000490132
449.232	-0.697084	449.232	0.238127	449.232	-0.00286481	449.232	0.000937367	449.232	-0.000522025
449.656	-0.763156	449.656	0.265289	449.656	-0.00314422	449.656	0.000954685	449.656	-0.000520038
450.079	-0.785158	450.079	0.276409	450.079	-0.00327696	450.079	0.000970574	450.079	-0.000566476
450.503	-0.761041	450.503	0.269749	450.503	-0.00326857	450.503	0.000983820	450.503	-0.000573756
450.927	-0.705510	450.927	0.250548	450.927	-0.00315609	450.927	0.000997679	450.927	-0.000582471
451.351	-0.609395	451.351	0.215642	451.351	-0.00282172	451.351	0.000980626	451.351	-0.000575695
451.774	-0.500870	451.774	0.175915	451.774	-0.00245819	451.774	0.000962948	451.774	-0.000574944
452.198	-0.392438	452.198	0.135921	452.198	-0.00211491	452.198	0.000946242	452.198	-0.000579554
452.622	-0.286183	452.622	0.0965440	452.622	-0.00170129	452.622	0.000919583	452.622	-0.000587161
453.046	-0.196903	453.046	0.0635093	453.046	-0.00136354	453.046	0.000882103	453.046	-0.000582214
453.469	-0.123954	453.469	0.0370099	453.469	-0.00108190	453.469	0.000840152	453.469	-0.000567737
453.893	-0.0713490	453.893	0.0178556	453.893	-0.000875580	453.893	0.000821113	453.893	-0.000576106
454.317	-0.0337155	454.317	0.00425231	454.317	-0.000742994	454.317	0.000810021	454.317	-0.000568806
454.741	-0.00535508	454.741	-0.00598486	454.741	-0.000611995	454.741	0.000789313	454.741	-0.000555707
455.165	0.0136215	455.165	-0.0126399	455.165	-0.000536668	455.165	0.000769329	455.165	-0.000558673
455.588	0.0267610	455.588	-0.0175453	455.588	-0.000468227	455.588	0.000745684	455.588	-0.000559122
456.012	0.0316394	456.012	-0.0190567	456.012	-0.000443878	456.012	0.000730752	456.012	-0.000544561
456.436	0.0351782	456.436	-0.0200207	456.436	-0.000425884	456.436	0.000715897	456.436	-0.000550672
456.860	0.0393986	456.860	-0.0216541	456.860	-0.000383848	456.860	0.000706989	456.860	-0.000563274
457.283	0.0460522	457.283	-0.0242483	457.283	-0.000322642	457.283	0.000683696	457.283	-0.000542442
457.707	0.0432835	457.707	-0.0226978	457.707	-0.000318189	457.707	0.000670228	457.707	-0.000530735
458.131	0.0409326	458.131	-0.0214010	458.131	-0.000346959	458.131	0.000654033	458.131	-0.000532068
458.555	0.0414887	458.555	-0.0218235	458.555	-0.000300757	458.555	0.000637786	458.555	-0.000535369
458.978	0.0388247	458.978	-0.0205386	458.978	-0.000284473	458.978	0.000611001	458.978	-0.000537001
459.402	0.0397402	459.402	-0.0208109	459.402	-0.000237856	459.402	0.000594096	459.402	-0.000526033
459.826	0.0380531	459.826	-0.0202263	459.826	-0.000238298	459.826	0.000577065	459.826	-0.000527762
460.250	0.0365007	460.250	-0.0194649	460.250	-0.000239427	460.250	0.000575116	460.250	-0.000550591
460.673	0.0333214	460.673	-0.0184329	460.673	-0.000224136	460.673	0.000569114	460.673	-0.000556146
461.097	0.0312324	461.097	-0.0174655	461.097	-0.000243250	461.097	0.000565858	461.097	-0.000578333
461.521	0.0304855	461.521	-0.0171577	461.521	-0.000216602	461.521	0.000557603	461.521	-0.000589588
461.945	0.0270215	461.945	-0.0158443	461.945	-0.000211585	461.945	0.000543006	461.945	-0.000583702
462.368	0.0278782	462.368	-0.0163510	462.368	-0.000187068	462.368	0.000532718	462.368	-0.000594368
462.792	0.0271435	462.792	-0.0160300	462.792	-0.000165837	462.792	0.000524805	462.792	-0.000624526
463.216	0.0289839	463.216	-0.0168406	463.216	-0.000160546	463.216	0.000524740	463.216	-0.000652158
463.640	0.0272453	463.640	-0.0161582	463.640	-0.000168065	463.640	0.000518604	463.640	-0.000675975
464.064	0.0309141	464.064	-0.0176148	464.064	-0.000133099	464.064	0.000505587	464.064	-0.000678420
464.487	0.0281117	464.487	-0.0163560	464.487	-0.000151489	464.487	0.000505960	464.487	-0.000712237
464.911	0.0279683	464.911	-0.0165344	464.911	-0.000107880	464.911	0.000491395	464.911	-0.000718899
465.335	0.0235456	465.335	-0.0144104	465.335	-0.000146440	465.335	0.000490293	465.335	-0.000757702
465.759	0.0254047	465.759	-0.0152261	465.759	-0.000103592	465.759	0.000466974	465.759	-0.000751701
466.182	0.0235096	466.182	-0.0144763	466.182	-0.000119850	466.182	0.000470673	466.182	-0.000788653
466.606	0.0196594	466.606	-0.0129519	466.606	-0.000109892	466.606	0.000452957	466.606	-0.000788160
467.030	0.0202508	467.030	-0.0129651	467.030	-0.000124854	467.030	0.000457340	467.030	-0.000815358
467.454	0.0182524	467.454	-0.0121954	467.454	-0.000122410	467.454	0.000445418	467.454	-0.000831055
467.877	0.0153330	467.877	-0.0109987	467.877	-0.000115089	467.877	0.000431790	467.877	-0.000847688
468.301	0.0148252	468.301	-0.0109640	468.301	-0.000107005	468.301	0.000425537	468.301	-0.000875702
468.725	0.0140457	468.725	-0.0104894	468.725	-0.000118851	468.725	0.000425285	468.725	-0.000891881
469.149	0.0127063	469.149	-0.0101178	469.149	-8.45668e-05	469.149	0.000414343	469.149	-0.000913322
469.572	0.0133255	469.572	-0.0103692	469.572	-7.85145e-05	469.572	0.000405292	469.572	-0.000918279
469.996	0.0126599	469.996	-0.0102303	469.996	-5.27241e-05	469.996	0.000396493	469.996	-0.000947718
470.420	0.0117104	470.420	-0.00976945	470.420	-5.28215e-05	470.420	0.000389160	470.420	-0.000957184
470.844	0.0114299	470.844	-0.00981319	470.844	-2.59637e-05	470.844	0.000369251	470.844	-0.000970382
471.267	0.0118700	471.267	-0.0101875	471.267	-3.53609e-05	471.267	0.000369495	471.267	-0.000991216
471.691	0.0100510	471.691	-0.00941049	471.691	-1.36319e-05	471.691	0.000358605	471.691	-0.000996636
472.115	0.0112592	472.115	-0.00997003	472.115	1.22081e-05	472.115	0.000344751	472.115	-0.00100432
472.539	0.00802234	472.539	-0.00868519	472.539	-1.30161e-05	472.539	0.000337818	472.539	-0.00102310
472.963	0.0103222	472.963	-0.00970265	472.963	1.61190e-05	472.963	0.000336469	472.963	-0.00101985
473.386	0.0122892	473.386	-0.0101465	473.386	-5.06347e-07	473.386	0.000333550	473.386	-0.00103423
473.810	0.00783572	473.810	-0.00857671	473.810	2.14470e-05	473.810	0.000312436	473.810	-0.00104398
474.234	0.00359502	474.234	-0.00678162	474.234	3.34634e-06	474.234	0.000307997	474.234	-0.00103325
474.658	0.00476266	474.658	-0.00714358	474.658	2.00286e-05	474.658	0.000296265	474.658	-0.00102703
475.081	0.00305544	475.081	-0.00620601	475.081	-1.23491e-05	475.081	0.000295042	475.081	-0.00105601
475.505	0.00355193	475.505	-0.00661359	475.505	2.74122e-05	475.505	0.000279492	475.505	-0.00103769
475.929	0.00238076	475.929	-0.00640646	475.929	4.64459e-05	475.929	0.000272381	475.929	-0.00105175
476.353	-0.000819276	476.353	-0.00490883	476.353	4.75422e-05	476.353	0.000262161	476.353	-0.00104641
476.776	-0.00108189	476.776	-0.00480024	476.776	3.96213e-05	476.776	0.000249337	476.776	-0.00104395
477.200	0.000921729	477.200	-0.00528709	477.200	6.13511e-05	477.200	0.000247237	477.200	-0.00102553
477.624	0.000921344	477.624	-0.00545436	477.624	0.000111468	477.624	0.000230260	477.624	-0.00102317
478.048	0.00168891	478.048	-0.00583136	478.048	0.000120065	478.048	0.000219385	478.048	-0.00101352
478.471	0.00367250	478.471	-0.00636115	478.471	0.000125743	478.471	0.000210549	478.471	-0.00100146
478.895	0.00111431	478.895	-0.00533784	478.895	0.000116948	478.895	0.000202901	478.895	-0.000990993
479.319	0.000349362	479.319	-0.00522579	479.319	0.000126659	479.319	0.000195433	479.319	-0.000979730
479.743	0.00133243	479.743	-0.00576712	479.743	0.000174605	479.743	0.000179990	479.743	-0.000963301
480.166	0.00281000	480.166	-0.00620471	480.166	0.000160420	480.166	0.000178803	480.166	-0.000961876
480.590	0.00409842	480.590	-0.00666811	480.590	0.000207742	480.590	0.000154021	480.590	-0.000943135
481.014	0.00521022	481.014	-0.00697197	481.014	0.000215544	481.014	0.000144790	481.014	-0.000923538
481.438	0.00691131	481.438	-0.00742826	481.438	0.000192646	481.438	0.000148054	481.438	-0.000895999
481.861	0.00404545	481.861	-0.00636802	481.861	0.000227957	481.861	0.000136860	481.861	-0.000889059
482.285	0.00459298	482.285	-0.00659890	482.285	0.000250834	482.285	0.000128239	482.285	-0.000884020
482.709	0.00393744	482.709	-0.00616705	482.709	0.000248525	482.709	0.000111756	482.709	-0.000856111
483.133	0.000700462	483.133	-0.00482413	483.133	0.000226491	483.133	0.000112665	483.133	-0.000860116
483.557	0.00286314	483.557	-0.00553575	483.557	0.000273336	483.557	0.000100614	483.557	-0.000830353
483.980	0.00460273	483.980	-0.00631358	483.980	0.000286035	483.980	8.66257e-05	483.980	-0.000817612
484.404	0.00572296	484.404	-0.00653892	484.404	0.000292166	484.404	7.41869e-05	484.404	-0.000797589
484.828	0.00573573	484.828	-0.00649471	484.828	0.000306798	484.828	7.16217e-05	484.828	-0.000790724
485.252	0.00557339	485.252	-0.00647726	485.252	0.000322263	485.252	6.22877e-05	485.252	-0.000747070
485.675	0.00342710	485.675	-0.00549481	485.675	0.000332023	485.675	5.48890e-05	485.675	-0.000738353
486.099	0.00343151	486.099	-0.00539448	486.099	0.000325142	486.099	4.14891e-05	486.099	-0.000728702
486.523	0.00663958	486.523	-0.00679473	486.523	0.000349102	486.523	3.42016e-05	486.523	-0.000725473
486.947	0.00652396	486.947	-0.00670092	486.947	0.000378650	486.947	2.53138e-05	486.947	-0.000717822
487.370	0.00150579	487.370	-0.00474007	487.370	0.000353778	487.370	1.28537e-05	487.370	-0.000724619
487.794	0.00379086	487.794	-0.00564634	487.794	0.000390190	487.794	6.10744e-06	487.794	-0.000693497
488.218	0.00459704	488.218	-0.00582243	488.218	0.000404755	488.218	-1.04654e-05	488.218	-0.000676445
488.642	0.00416603	488.642	-0.00561107	488.642	0.000409520	488.642	-2.34611e-05	488.642	-0.000665022
489.065	0.00101072	489.065	-0.00438914	489.065	0.000400367	489.065	-2.83397e-05	489.065	-0.000677503
489.489	0.00332406	489.489	-0.00568310	489.489	0.000462237	489.489	-4.48257e-05	489.489	-0.000661186
489.913	0.00581234	489.913	-0.00655925	489.913	0.000502135	489.913	-5.53098e-05	489.913	-0.000654556
490.337	0.00243173	490.337	-0.00507886	490.337	0.000455299	490.337	-5.75000e-05	490.337	-0.000660672
490.760	0.00446650	490.760	-0.00587070	490.760	0.000471713	490.760	-6.90218e-05	490.760	-0.000650297
491.184	0.000832231	491.184	-0.00429111	491.184	0.000466164	491.184	-8.60126e-05	491.184	-0.000634210
491.608	-0.00195979	491.608	-0.00302337	491.608	0.000446140	491.608	-8.69780e-05	491.608	-0.000632823
492.032	-0.000992477	492.032	-0.00371583	492.032	0.000459577	492.032	-9.53875e-05	492.032	-0.000644563
492.456	-0.000171786	492.456	-0.00396658	492.456	0.000489247	492.456	-0.000114302	492.456	-0.000634072
492.879	-0.00347470	492.879	-0.00259959	492.879	0.000478003	492.879	-0.000127388	492.879	-0.000623289
493.303	-0.00455332	493.303	-0.00217507	493.303	0.000479153	493.303	-0.000133874	493.303	-0.000635343
493.727	-0.00446420	493.727	-0.00231026	493.727	0.000491636	493.727	-0.000156613	493.727	-0.000619493
494.151	-0.00714117	494.151	-0.00121401	494.151	0.000473740	494.151	-0.000165900	494.151	-0.000644730
494.574	-0.00802289	494.574	-0.000803706	494.574	0.000488188	494.574	-0.000194542	494.574	-0.000606426
494.998	-0.00713379	494.998	-0.00144774	494.998	0.000500848	494.998	-0.000199890	494.998	-0.000622635
495.422	-0.0111906	495.422	0.000164615	495.422	0.000516329	495.422	-0.000214500	495.422	-0.000612203
495.846	-0.0108568	495.846	0.000268417	495.846	0.000483938	495.846	-0.000220204	495.846	-0.000610192
496.269	-0.00846833	496.269	-0.000807611	496.269	0.000532427	496.269	-0.000245296	496.269	-0.000602369
496.693	-0.0112664	496.693	0.000392012	496.693	0.000495503	496.693	-0.000247394	496.693	-0.000605351
497.117	-0.0112020	497.117	0.000130416	497.117	0.000497440	497.117	-0.000262634	497.117	-0.000601632
497.541	-0.0130295	497.541	0.00109293	497.541	0.000466501	497.541	-0.000273712	497.541	-0.000598535
497.964	-0.0139990	497.964	0.00147291	497.964	0.000499459	497.964	-0.000309636	497.964	-0.000569962
498.388	-0.0133937	498.388	0.00111922	498.388	0.000492393	498.388	-0.000317904	498.388	-0.000572756
498.812	-0.0108749	498.812	-5.96724e-05	498.812	0.000533702	498.812	-0.000334461	498.812	-0.000559459
499.236	-0.0134026	499.236	0.000938855	499.236	0.000534515	499.236	-0.000354393	499.236	-0.000561363
499.659	-0.0134702	499.659	0.000949382	499.659	0.000537549	499.659	-0.000370665	499.659	-0.000541996
500.083	-0.0159733	500.083	0.00211408	500.083	0.000502093	500.083	-0.000389251	500.083	-0.000533186
500.507	-0.0108424	500.507	-0.000238909	500.507	0.000526204	500.507	-0.000413297	500.507	-0.000507394
500.931	-0.00991375	500.931	-0.000660249	500.931	0.000562974	500.931	-0.000436063	500.931	-0.000479264
501.355	-0.0111993	501.355	0.000161180	501.355	0.000557492	501.355	-0.000451028	501.355	-0.000458704
501.778	-0.0123510	501.778	0.000551600	501.778	0.000575694	501.778	-0.000480310	501.778	-0.000445254
502.202	-0.00876599	502.202	-0.000778646	502.202	0.000548380	502.202	-0.000492681	502.202	-0.000416844
502.626	-0.0121827	502.626	0.000550477	502.626	0.000589036	502.626	-0.000535022	502.626	-0.000359262
503.050	-0.0117391	503.050	0.000278707	503.050	0.000593260	503.050	-0.000546190	503.050	-0.000347918
503.473	-0.0138019	503.473	0.00120074	503.473	0.000578115	503.473	-0.000568346	503.473	-0.000327177
503.897	-0.0162751	503.897	0.00200731	503.897	0.000598992	503.897	-0.000604371	503.897	-0.000295449
504.321	-0.0145025	504.321	0.00158741	504.321	0.000579513	504.321	-0.000623870	504.321	-0.000271641
504.745	-0.0103342	504.745	-0.000394371	504.745	0.000645693	504.745	-0.000647589	504.745	-0.000211253
505.168	-0.0124721	505.168	0.000717692	505.168	0.000622375	505.168	-0.000666440	505.168	-0.000179132
505.592	-0.0148809	505.592	0.00182226	505.592	0.000611443	505.592	-0.000701383	505.592	-0.000150702
506.016	-0.0104612	506.016	-2.68631e-05	506.016	0.000680409	506.016	-0.000741226	506.016	-8.35842e-05
506.440	-0.0110944	506.440	0.000392754	506.440	0.000667231	506.440	-0.000753247	506.440	-5.93024e-05
506.863	-0.0120133	506.863	0.000662827	506.863	0.000679007	506.863	-0.000773994	506.863	-1.98709e-05
507.287	-0.00914331	507.287	-0.000603155	507.287	0.000733549	507.287	-0.000813717	507.287	4.20901e-05
507.711	-0.00789796	507.711	-0.00113955	507.711	0.000749419	507.711	-0.000845229	507.711	0.000113062
508.135	-0.00584829	508.135	-0.00164322	508.135	0.000736869	508.135	-0.000873569	508.135	0.000163104
508.558	-0.00454913	508.558	-0.00211039	508.558	0.000790950	508.558	-0.000899504	508.558	0.000200822
508.982	-0.00338558	508.982	-0.00237875	508.982	0.000787339	508.982	-0.000931562	508.982	0.000271306
509.406	-0.00207311	509.406	-0.00279504	509.406	0.000798436	509.406	-0.000970287	509.406	0.000334235
509.830	0.000671665	509.830	-0.00414751	509.830	0.000864752	509.830	-0.000987270	509.830	0.000382591
510.253	0.00173228	510.253	-0.00434583	510.253	0.000883959	510.253	-0.00101811	510.253	0.000428965
510.677	0.00614064	510.677	-0.00605976	510.677	0.000905399	510.677	-0.00105434	510.677	0.000496209
511.101	0.00601090	511.101	-0.00606287	511.101	0.000973700	511.101	-0.00109259	511.101	0.000571558
511.525	0.00523328	511.525	-0.00558327	511.525	0.000964266	511.525	-0.00111115	511.525	0.000615306
511.949	0.00887758	511.949	-0.00700116	511.949	0.00100943	511.949	-0.00113666	511.949	0.000686652
512.372	0.00988694	512.372	-0.00753182	512.372	0.00105435	512.372	-0.00117474	512.372	0.000750173
512.796	0.0114338	512.796	-0.00786838	512.796	0.00105005	512.796	-0.00119884	512.796	0.000816375
513.220	0.0102099	513.220	-0.00731090	513.220	0.00106916	513.220	-0.00121460	513.220	0.000868597
513.644	0.0120708	513.644	-0.00815916	513.644	0.00112388	513.644	-0.00124980	513.644	0.000908273
514.067	0.0132080	514.067	-0.00862992	514.067	0.00116758	514.067	-0.00127895	514.067	0.000988002
514.491	0.0157692	514.491	-0.00942563	514.491	0.00116779	514.491	-0.00131742	514.491	0.00105588
514.915	0.0152710	514.915	-0.00918394	514.915	0.00118795	514.915	-0.00132995	514.915	0.00109919
515.339	0.0179746	515.339	-0.0102752	515.339	0.00125979	515.339	-0.00136553	515.339	0.00117097
515.762	0.0202792	515.762	-0.0111620	515.762	0.00127723	515.762	-0.00139760	515.762	0.00123303
516.186	0.0204159	516.186	-0.0112702	516.186	0.00132684	516.186	-0.00142521	516.186	0.00127897
516.610	0.0247385	516.610	-0.0131576	516.610	0.00137845	516.610	-0.00145077	516.610	0.00133509
517.034	0.0260848	517.034	-0.0134163	517.034	0.00136241	517.034	-0.00146523	517.034	0.00140641
517.457	0.0247911	517.457	-0.0129139	517.457	0.00140033	517.457	-0.00149386	517.457	0.00146994
517.881	0.0267061	517.881	-0.0138241	517.881	0.00146441	517.881	-0.00151200	517.881	0.00149693
518.305	0.0292254	518.305	-0.0147324	518.305	0.00149474	518.305	-0.00154579	518.305	0.00157671
518.729	0.0288869	518.729	-0.0147335	518.729	0.00150035	518.729	-0.00155232	518.729	0.00160268
519.152	0.0277020	519.152	-0.0140999	519.152	0.00152263	519.152	-0.00157667	519.152	0.00164546
519.576	0.0296450	519.576	-0.0149703	519.576	0.00156094	519.576	-0.00161240	519.576	0.00170293
520.000	0.0336991	520.000	-0.0165326	520.000	0.00157665	520.000	-0.00162148	520.000	0.00174899
520.424	0.0350660	520.424	-0.0170418	520.424	0.00160313	520.424	-0.00162780	520.424	0.00178970
520.848	0.0344391	520.848	-0.0166988	520.848	0.00160291	520.848	-0.00164656	520.848	0.00182061
521.271	0.0371242	521.271	-0.0178188	521.271	0.00164983	521.271	-0.00166162	521.271	0.00187462
521.695	0.0356893	521.695	-0.0172586	521.695	0.00165531	521.695	-0.00168386	521.695	0.00192120
522.119	0.0400465	522.119	-0.0190154	522.119	0.00167609	522.119	-0.00168212	522.119	0.00193317
522.543	0.0393507	522.543	-0.0187326	522.543	0.00169166	522.543	-0.00170728	522.543	0.00200668
522.966	0.0397031	522.966	-0.0189241	522.966	0.00169521	522.966	-0.00171273	522.966	0.00202180
523.390	0.0412684	523.390	-0.0194506	523.390	0.00168908	523.390	-0.00172242	523.390	0.00206119
523.814	0.0417586	523.814	-0.0198530	523.814	0.00175222	523.814	-0.00175489	523.814	0.00212195
524.238	0.0414167	524.238	-0.0195585	524.238	0.00172040	524.238	-0.00175397	524.238	0.00213323
524.661	0.0422861	524.661	-0.0200458	524.661	0.00174582	524.661	-0.00178689	524.661	0.00219573
525.085	0.0434022	525.085	-0.0204872	525.085	0.00173928	525.085	-0.00178666	525.085	0.00221563
525.509	0.0456314	525.509	-0.0215407	525.509	0.00176717	525.509	-0.00175219	525.509	0.00221236
525.933	0.0412054	525.933	-0.0192741	525.933	0.00167770	525.933	-0.00175346	525.933	0.00220468
526.356	0.0380555	526.356	-0.0181083	526.356	0.00168825	526.356	-0.00179872	526.356	0.00227023
526.780	0.0446957	526.780	-0.0209230	526.780	0.00175449	526.780	-0.00180605	526.780	0.00231791
527.204	0.0435827	527.204	-0.0205167	527.204	0.00173651	527.204	-0.00180940	527.204	0.00233011
527.628	0.0439692	527.628	-0.0205628	527.628	0.00170272	527.628	-0.00179123	527.628	0.00233301
528.051	0.0443111	528.051	-0.0206601	528.051	0.00170638	528.051	-0.00181499	528.051	0.00238369
528.475	0.0412268	528.475	-0.0194187	528.475	0.00168131	528.475	-0.00182621	528.475	0.00241091
528.899	0.0414480	528.899	-0.0195407	528.899	0.00167370	528.899	-0.00181946	528.899	0.00243006
529.323	0.0428744	529.323	-0.0200656	529.323	0.00167988	529.323	-0.00182406	529.323	0.00246337
529.747	0.0445367	529.747	-0.0206270	529.747	0.00164665	529.747	-0.00181879	529.747	0.00247954
530.170	0.0419149	530.170	-0.0194104	530.170	0.00161300	530.170	-0.00182138	530.170	0.00250477
530.594	0.0425127	530.594	-0.0196753	530.594	0.00160336	530.594	-0.00183275	530.594	0.00252550
531.018	0.0424354	531.018	-0.0197491	531.018	0.00161922	531.018	-0.00185204	531.018	0.00256943
531.442	0.0428612	531.442	-0.0199210	531.442	0.00158036	531.442	-0.00182928	531.442	0.00256764
531.865	0.0405242	531.865	-0.0188444	531.865	0.00153576	531.865	-0.00183147	531.865	0.00258859
532.289	0.0403962	532.289	-0.0186460	532.289	0.00150324	532.289	-0.00182570	532.289	0.00258504
532.713	0.0401794	532.713	-0.0186134	532.713	0.00149363	532.713	-0.00184532	532.713	0.00264467
533.137	0.0389384	533.137	-0.0178289	533.137	0.00142971	533.137	-0.00185397	533.137	0.00266936
533.560	0.0386897	533.560	-0.0179825	533.560	0.00144099	533.560	-0.00183726	533.560	0.00265939
533.984	0.0392234	533.984	-0.0179899	533.984	0.00139761	533.984	-0.00184442	533.984	0.00268500
534.408	0.0353893	534.408	-0.0161154	534.408	0.00132097	534.408	-0.00185732	534.408	0.00274699
534.832	0.0387141	534.832	-0.0175583	534.832	0.00132172	534.832	-0.00184536	534.832	0.00274334
535.255	0.0376012	535.255	-0.0171074	535.255	0.00127928	535.255	-0.00185514	535.255	0.00276380
535.679	0.0360868	535.679	-0.0166712	535.679	0.00129242	535.679	-0.00189173	535.679	0.00284388
536.103	0.0337858	536.103	-0.0156757	536.103	0.00123904	536.103	-0.00187000	536.103	0.00283058
536.527	0.0335911	536.527	-0.0153280	536.527	0.00113318	536.527	-0.00184962	536.527	0.00282263
536.950	0.0323968	536.950	-0.0146727	536.950	0.00109004	536.950	-0.00186378	536.950	0.00285037
537.374	0.0320421	537.374	-0.0145808	537.374	0.00108954	537.374	-0.00186946	537.374	0.00287624
537.798	0.0336730	537.798	-0.0153391	537.798	0.00108053	537.798	-0.00188766	537.798	0.00290318
538.222	0.0288769	538.222	-0.0132033	538.222	0.000996867	538.222	-0.00188334	538.222	0.00291463
538.645	0.0330537	538.645	-0.0147420	538.645	0.000986744	538.645	-0.00188623	538.645	0.00295783
539.069	0.0296296	539.069	-0.0134288	539.069	0.000937284	539.069	-0.00188051	539.069	0.00293849
539.493	0.0277245	539.493	-0.0121692	539.493	0.000857788	539.493	-0.00189962	539.493	0.00299631
539.917	0.0257026	539.917	-0.0112192	539.917	0.000784511	539.917	-0.00189078	539.917	0.00299417
540.341	0.0267206	540.341	-0.0117159	540.341	0.000780788	540.341	-0.00190507	540.341	0.00302844
540.764	0.0261254	540.764	-0.0114393	540.764	0.000744260	540.764	-0.00191482	540.764	0.00305124
541.188	0.0240487	541.188	-0.0104329	541.188	0.000698981	541.188	-0.00192656	541.188	0.00308194
541.612	0.0223613	541.612	-0.00969586	541.612	0.000644648	541.612	-0.00193212	541.612	0.00309626
542.036	0.0230086	542.036	-0.00990690	542.036	0.000592602	542.036	-0.00191642	542.036	0.00309108
542.459	0.0232789	542.459	-0.0100706	542.459	0.000567403	542.459	-0.00194130	542.459	0.00314105
542.883	0.0187824	542.883	-0.00799184	542.883	0.000520161	542.883	-0.00194287	542.883	0.00313997
543.307	0.0196389	543.307	-0.00831133	543.307	0.000474886	543.307	-0.00192873	543.307	0.00313824
543.731	0.0176201	543.731	-0.00751144	543.731	0.000458125	543.731	-0.00195702	543.731	0.00318008
544.154	0.0179011	544.154	-0.00733309	544.154	0.000418391	544.154	-0.00196858	544.154	0.00321475
544.578	0.0168203	544.578	-0.00684926	544.578	0.000363769	544.578	-0.00197278	544.578	0.00323036
545.002	0.0147965	545.002	-0.00594734	545.002	0.000280152	545.002	-0.00196824	545.002	0.00323900
545.426	0.0138740	545.426	-0.00540371	545.426	0.000233554	545.426	-0.00197213	545.426	0.00326100
545.849	0.0151702	545.849	-0.00603482	545.849	0.000239061	545.849	-0.00197793	545.849	0.00327626
546.273	0.0122651	546.273	-0.00453574	546.273	0.000159347	546.273	-0.00198727	546.273	0.00329350
546.697	0.0106932	546.697	-0.00392441	546.697	0.000138313	546.697	-0.00200196	546.697	0.00331176
547.121	0.0119597	547.121	-0.00440574	547.121	0.000100501	547.121	-0.00202502	547.121	0.00335168
547.544	0.0107488	547.544	-0.00397305	547.544	5.76295e-05	547.544	-0.00201073	547.544	0.00334375
547.968	0.0107135	547.968	-0.00373817	547.968	2.39404e-05	547.968	-0.00202027	547.968	0.00335656
548.392	0.0108166	548.392	-0.00384437	548.392	2.34757e-05	548.392	-0.00203958	548.392	0.00339984
548.816	0.00988646	548.816	-0.00316934	548.816	-6.79021e-05	548.816	-0.00202322	548.816	0.00337667
549.240	0.0111872	549.240	-0.00369445	549.240	-7.83509e-05	549.240	-0.00202592	549.240	0.00341148
549.663	0.00551340	549.663	-0.00134812	549.663	-0.000135594	549.663	-0.00201976	549.663	0.00340818
550.087	0.00783895	550.087	-0.00224793	550.087	-0.000145148	550.087	-0.00202345	550.087	0.00341085
550.511	0.00820594	550.511	-0.00246878	550.511	-0.000171115	550.511	-0.00203863	550.511	0.00343520
550.935	0.00608131	550.935	-0.00153688	550.935	-0.000208768	550.935	-0.00203518	550.935	0.00343372
551.358	0.00637630	551.358	-0.00155635	551.358	-0.000248533	551.358	-0.00202287	551.358	0.00343295
551.782	0.00700215	551.782	-0.00175426	551.782	-0.000260454	551.782	-0.00203306	551.782	0.00345896
552.206	0.00541639	552.206	-0.000954872	552.206	-0.000295947	552.206	-0.00201801	552.206	0.00344608
552.630	0.00384920	552.630	-0.000248859	552.630	-0.000333664	552.630	-0.00202053	552.630	0.00345456
553.053	0.00178198	553.053	0.000621762	553.053	-0.000397829	553.053	-0.00202527	553.053	0.00346470
553.477	0.00532392	553.477	-0.000843583	553.477	-0.000387463	553.477	-0.00200715	553.477	0.00347392
553.901	0.00595017	553.901	-0.000845937	553.901	-0.000439431	553.901	-0.00200733	553.901	0.00347845
554.325	0.00541206	554.325	-0.000921939	554.325	-0.000399761	554.325	-0.00198782	554.325	0.00344299
554.748	0.00364438	554.748	0.000109613	554.748	-0.000446303	554.748	-0.00197939	554.748	0.00345673
555.172	0.00479641	555.172	-0.000285727	555.172	-0.000486922	555.172	-0.00197399	555.172	0.00347693
555.596	0.00320300	555.596	0.000290732	555.596	-0.000497148	555.596	-0.00195497	555.596	0.00345585
556.020	0.00410624	556.020	-8.34176e-05	556.020	-0.000509519	556.020	-0.00194461	556.020	0.00345113
556.443	0.00310587	556.443	0.000508785	556.443	-0.000533695	556.443	-0.00193389	556.443	0.00346069
556.867	0.00119536	556.867	0.00114715	556.867	-0.000589823	556.867	-0.00190750	556.867	0.00342856
557.291	0.00251060	557.291	0.000661624	557.291	-0.000593669	557.291	-0.00189978	557.291	0.00344392
557.715	0.00162222	557.715	0.00142376	557.715	-0.000643079	557.715	-0.00187352	557.715	0.00342353
558.139	0.00218900	558.139	0.00111571	558.139	-0.000667066	558.139	-0.00186298	558.139	0.00342539
558.562	0.00312274	558.562	0.000707424	558.562	-0.000657124	558.562	-0.00184705	558.562	0.00340787
558.986	-0.000400742	558.986	0.00218667	558.986	-0.000705790	558.986	-0.00182763	558.986	0.00340296
559.410	0.000386648	559.410	0.00164348	559.410	-0.000722313	559.410	-0.00178029	559.410	0.00336074
559.834	0.000175067	559.834	0.00202584	559.834	-0.000759918	559.834	-0.00178289	559.834	0.00339542
560.257	0.000619685	560.257	0.00185275	560.257	-0.000788390	560.257	-0.00175740	560.257	0.00337357
560.681	0.000155895	560.681	0.00188983	560.681	-0.000768923	560.681	-0.00170916	560.681	0.00330445
561.105	-0.000817794	561.105	0.00255198	561.105	-0.000815997	561.105	-0.00169453	561.105	0.00333047
561.529	-0.000615853	561.529	0.00252673	561.529	-0.000834022	561.529	-0.00165761	561.529	0.00330949
561.952	0.000351020	561.952	0.00210702	561.952	-0.000847391	561.952	-0.00164894	561.952	0.00330436
562.376	-0.000932121	562.376	0.00274543	562.376	-0.000897881	562.376	-0.00161337	562.376	0.00328763
562.800	-0.00111625	562.800	0.00268003	562.800	-0.000881911	562.800	-0.00159311	562.800	0.00326374
563.224	0.000192958	563.224	0.00218752	563.224	-0.000909963	563.224	-0.00155241	563.224	0.00325766
563.647	0.00185320	563.647	0.00135007	563.647	-0.000905773	563.647	-0.00152090	563.647	0.00324760
564.071	-0.00286591	564.071	0.00349518	564.071	-0.000944925	564.071	-0.00148752	564.071	0.00321146
564.495	-0.000957028	564.495	0.00288791	564.495	-0.00100199	564.495	-0.00145062	564.495	0.00319840
564.919	0.000755849	564.919	0.00205365	564.919	-0.000972412	564.919	-0.00140819	564.919	0.00316167
565.342	-1.69984e-05	565.342	0.00229894	565.342	-0.000948254	565.342	-0.00139944	565.342	0.00316359
565.766	0.00193756	565.766	0.00189040	565.766	-0.00104725	565.766	-0.00135220	565.766	0.00316566
566.190	0.000629221	566.190	0.00235732	566.190	-0.00105328	566.190	-0.00132879	566.190	0.00313774
566.614	-0.00259550	566.614	0.00383221	566.614	-0.00111432	566.614	-0.00128292	566.614	0.00310935
567.037	-0.00161213	567.037	0.00331718	567.037	-0.00110901	567.037	-0.00123696	567.037	0.00306103
567.461	0.000669315	567.461	0.00240410	567.461	-0.00109615	567.461	-0.00120832	567.461	0.00305634
567.885	0.000327106	567.885	0.00253371	567.885	-0.00111693	567.885	-0.00117669	567.885	0.00303273
568.309	-0.00155482	568.309	0.00331142	568.309	-0.00114512	568.309	-0.00113309	568.309	0.00300080
568.733	-0.00130029	568.733	0.00325380	568.733	-0.00117558	568.733	-0.00109597	568.733	0.00297990
569.156	0.00264372	569.156	0.00158960	569.156	-0.00117417	569.156	-0.00105689	569.156	0.00297668
569.580	0.000152197	569.580	0.00261974	569.580	-0.00118582	569.580	-0.00102394	569.580	0.00294936
570.004	0.00163691	570.004	0.00198224	570.004	-0.00120167	570.004	-0.000976838	570.004	0.00290384
570.428	-0.00209958	570.428	0.00381209	570.428	-0.00127598	570.428	-0.000945349	570.428	0.00291899
570.851	0.00257011	570.851	0.00184098	570.851	-0.00123891	570.851	-0.000910881	570.851	0.00290747
571.275	0.000148358	571.275	0.00282684	571.275	-0.00127389	571.275	-0.000872727	571.275	0.00286296
571.699	0.00286414	571.699	0.00194118	571.699	-0.00131986	571.699	-0.000833057	571.699	0.00286969
572.123	0.00208929	572.123	0.00214160	572.123	-0.00131255	572.123	-0.000791385	572.123	0.00282590
572.546	0.00268463	572.546	0.00180572	572.546	-0.00131245	572.546	-0.000758395	572.546	0.00280936
572.970	0.00144316	572.970	0.00245879	572.970	-0.00136701	572.970	-0.000714083	572.970	0.00278959
573.394	0.000101441	573.394	0.00326297	573.394	-0.00139617	573.394	-0.000688400	573.394	0.00275522
573.818	0.00221335	573.818	0.00223766	573.818	-0.00137642	573.818	-0.000645399	573.818	0.00275723
574.241	0.00186951	574.241	0.00218817	574.241	-0.00136716	574.241	-0.000613424	574.241	0.00271631
574.665	0.00189793	574.665	0.00242620	574.665	-0.00145491	574.665	-0.000563344	574.665	0.00268588
575.089	0.00373802	575.089	0.00167911	575.089	-0.00144405	575.089	-0.000540073	575.089	0.00270242
575.513	0.000356807	575.513	0.00309636	575.513	-0.00148772	575.513	-0.000491105	575.513	0.00264138
575.936	0.00130798	575.936	0.00279751	575.936	-0.00150407	575.936	-0.000453859	575.936	0.00262799
576.360	0.00620060	576.360	0.000743158	576.360	-0.00146942	576.360	-0.000429584	576.360	0.00264195
576.784	0.00131859	576.784	0.00302898	576.784	-0.00153569	576.784	-0.000389564	576.784	0.00259847
577.208	0.000183775	577.208	0.00343327	577.208	-0.00155725	577.208	-0.000354194	577.208	0.00257999
577.632	0.00221033	577.632	0.00257666	577.632	-0.00155683	577.632	-0.000324086	577.632	0.00255240
578.055	0.00164442	578.055	0.00290995	578.055	-0.00157349	578.055	-0.000287311	578.055	0.00256226
578.479	0.00400586	578.479	0.00162981	578.479	-0.00152764	578.479	-0.000253514	578.479	0.00251253
578.903	0.00124781	578.903	0.00306855	578.903	-0.00158581	578.903	-0.000217920	578.903	0.00247810
579.327	0.000713762	579.327	0.00324718	579.327	-0.00161678	579.327	-0.000193006	579.327	0.00247872
579.750	0.000755545	579.750	0.00311620	579.750	-0.00158772	579.750	-0.000159691	579.750	0.00244181
580.174	0.000287397	580.174	0.00331579	580.174	-0.00160265	580.174	-0.000125866	580.174	0.00242914
580.598	0.00283687	580.598	0.00234576	580.598	-0.00161938	580.598	-9.61669e-05	580.598	0.00239484
581.022	0.00356361	581.022	0.00204008	581.022	-0.00165497	581.022	-5.49756e-05	581.022	0.00237466
581.445	0.000591473	581.445	0.00345703	581.445	-0.00166701	581.445	-3.18824e-05	581.445	0.00235683
581.869	0.00193016	581.869	0.00259093	581.869	-0.00161021	581.869	-1.37267e-05	581.869	0.00232967
582.293	0.00325849	582.293	0.00205910	582.293	-0.00162170	582.293	1.76536e-05	582.293	0.00231662
582.717	0.00299095	582.717	0.00214698	582.717	-0.00162603	582.717	3.87980e-05	582.717	0.00229005
583.140	-0.000376927	583.140	0.00361140	583.140	-0.00168541	583.140	6.11329e-05	583.140	0.00226022
583.564	0.00417140	583.564	0.00150465	583.564	-0.00162107	583.564	9.18495e-05	583.564	0.00225329
583.988	0.00616297	583.988	0.000739226	583.988	-0.00158340	583.988	0.000118627	583.988	0.00223726
584.412	0.00367192	584.412	0.00199871	584.412	-0.00166266	584.412	0.000147971	584.412	0.00221275
584.835	0.00427122	584.835	0.00154751	584.835	-0.00162041	584.835	0.000166801	584.835	0.00220148
585.259	0.00361012	585.259	0.00181887	585.259	-0.00162850	585.259	0.000181705	585.259	0.00215669
585.683	0.00207663	585.683	0.00261721	585.683	-0.00162745	585.683	0.000205299	585.683	0.00214707
586.107	0.00369739	586.107	0.00175178	586.107	-0.00161686	586.107	0.000231224	586.107	0.00212842
586.531	0.00399699	586.531	0.00158895	586.531	-0.00158514	586.531	0.000245695	586.531	0.00209722
586.954	0.00593713	586.954	0.000937082	586.954	-0.00159138	586.954	0.000258767	586.954	0.00210852
587.378	0.00398682	587.378	0.00167838	587.378	-0.00158293	587.378	0.000281627	587.378	0.00204557
587.802	0.00479338	587.802	0.00156700	587.802	-0.00159967	587.802	0.000302633	587.802	0.00205100
588.226	0.00770116	588.226	-0.000120639	588.226	-0.00149658	588.226	0.000316173	588.226	0.00203150
588.649	0.00678622	588.649	0.000123876	588.649	-0.00149057	588.649	0.000317451	588.649	0.00199411
589.073	0.00567067	589.073	0.000564664	589.073	-0.00144877	589.073	0.000327852	589.073	0.00199437
589.497	0.00788755	589.497	-0.000512389	589.497	-0.00146236	589.497	0.000346425	589.497	0.00196163
589.921	0.00613878	589.921	0.000297583	589.921	-0.00141900	589.921	0.000346385	589.921	0.00193807
590.344	0.00737027	590.344	-0.000261702	590.344	-0.00140735	590.344	0.000364428	590.344	0.00193529
590.768	0.00751476	590.768	-0.000300673	590.768	-0.00137200	590.768	0.000371602	590.768	0.00191569
591.192	0.0100380	591.192	-0.00151431	591.192	-0.00134492	591.192	0.000381994	591.192	0.00189516
591.616	0.00996588	591.616	-0.00159636	591.616	-0.00130304	591.616	0.000391545	591.616	0.00185904
592.039	0.00814491	592.039	-0.00100561	592.039	-0.00128549	592.039	0.000397272	592.039	0.00184258
592.463	0.00574073	592.463	0.000414453	592.463	-0.00133340	592.463	0.000410385	592.463	0.00183032
592.887	0.0104295	592.887	-0.00170066	592.887	-0.00122818	592.887	0.000397091	592.887	0.00183358
593.311	0.0115978	593.311	-0.00250729	593.311	-0.00119105	593.311	0.000407289	593.311	0.00179478
593.734	0.0134036	593.734	-0.00342030	593.734	-0.00112166	593.734	0.000410806	593.734	0.00179035
594.158	0.0132522	594.158	-0.00346069	594.158	-0.00109050	594.158	0.000410487	594.158	0.00176380
594.582	0.0116793	594.582	-0.00287669	594.582	-0.00108771	594.582	0.000411585	594.582	0.00176759
595.006	0.0139223	595.006	-0.00358600	595.006	-0.00110599	595.006	0.000418292	595.006	0.00174637
595.429	0.0159436	595.429	-0.00450582	595.429	-0.00105063	595.429	0.000419750	595.429	0.00172232
595.853	0.0133249	595.853	-0.00363523	595.853	-0.000981059	595.853	0.000405853	595.853	0.00169731
596.277	0.0158132	596.277	-0.00449907	596.277	-0.000960304	596.277	0.000407726	596.277	0.00167791
596.701	0.0192846	596.701	-0.00613814	596.701	-0.000884997	596.701	0.000412847	596.701	0.00168895
597.125	0.0152072	597.125	-0.00449717	597.125	-0.000907946	597.125	0.000409466	597.125	0.00165764
597.548	0.0169055	597.548	-0.00506906	597.548	-0.000847165	597.548	0.000399675	597.548	0.00164820
597.972	0.0159580	597.972	-0.00492187	597.972	-0.000816559	597.972	0.000396404	597.972	0.00162413
598.396	0.0156256	598.396	-0.00467163	598.396	-0.000818021	598.396	0.000393254	598.396	0.00161768
598.820	0.0198510	598.820	-0.00667718	598.820	-0.000727520	598.820	0.000379123	598.820	0.00160031
599.243	0.0172096	599.243	-0.00537010	599.243	-0.000763339	599.243	0.000381738	599.243	0.00157497
599.667	0.0197939	599.667	-0.00674645	599.667	-0.000658457	599.667	0.000371902	599.667	0.00156964
600.091	0.0164156	600.091	-0.00557626	600.091	-0.000626598	600.091	0.000368087	600.091	0.00154447
600.515	0.0188249	600.515	-0.00641602	600.515	-0.000620745	600.515	0.000362194	600.515	0.00152860
600.938	0.0206854	600.938	-0.00736959	600.938	-0.000544108	600.938	0.000346079	600.938	0.00152484
601.362	0.0222338	601.362	-0.00825947	601.362	-0.000500480	601.362	0.000345350	601.362	0.00149931
601.786	0.0210353	601.786	-0.00745106	601.786	-0.000541493	601.786	0.000347056	601.786	0.00150054
602.210	0.0219399	602.210	-0.00809206	602.210	-0.000467913	602.210	0.000330104	602.210	0.00147830
602.633	0.0231905	602.633	-0.00860709	602.633	-0.000453645	602.633	0.000318058	602.633	0.00147324
603.057	0.0212687	603.057	-0.00792366	603.057	-0.000456505	603.057	0.000327791	603.057	0.00142604
603.481	0.0157808	603.481	-0.00535206	603.481	-0.000515408	603.481	0.000319171	603.481	0.00140677
603.905	0.0204332	603.905	-0.00764708	603.905	-0.000364407	603.905	0.000295949	603.905	0.00141377
604.328	0.0213405	604.328	-0.00793795	604.328	-0.000372834	604.328	0.000294852	604.328	0.00139501
604.752	0.0214973	604.752	-0.00834831	604.752	-0.000297937	604.752	0.000287345	604.752	0.00136602
605.176	0.0235824	605.176	-0.00908555	605.176	-0.000308075	605.176	0.000279851	605.176	0.00136380
605.600	0.0195966	605.600	-0.00734603	605.600	-0.000302947	605.600	0.000273859	605.600	0.00134136
606.024	0.0242167	606.024	-0.00953147	606.024	-0.000227918	606.024	0.000266822	606.024	0.00133746
606.447	0.0247110	606.447	-0.00985043	606.447	-0.000180013	606.447	0.000242846	606.447	0.00132471
606.871	0.0254190	606.871	-0.00997296	606.871	-0.000216303	606.871	0.000243841	606.871	0.00132092
607.295	0.0259033	607.295	-0.0103716	607.295	-0.000148742	607.295	0.000233940	607.295	0.00131113
607.719	0.0235104	607.719	-0.00952221	607.719	-0.000122524	607.719	0.000219807	607.719	0.00128724
608.142	0.0240503	608.142	-0.00974239	608.142	-0.000147711	608.142	0.000219498	608.142	0.00126721
608.566	0.0229181	608.566	-0.00926173	608.566	-0.000111630	608.566	0.000198296	608.566	0.00125960
608.990	0.0255989	608.990	-0.0104284	608.990	-8.78781e-05	608.990	0.000196483	608.990	0.00126452
609.414	0.0239724	609.414	-0.00996803	609.414	-4.04453e-05	609.414	0.000185445	609.414	0.00121900
609.837	0.0251084	609.837	-0.0103542	609.837	-6.16790e-05	609.837	0.000180552	609.837	0.00122755
610.261	0.0257211	610.261	-0.0108622	610.261	1.44515e-06	610.261	0.000175673	610.261	0.00121050
610.685	0.0272576	610.685	-0.0118716	610.685	8.28380e-05	610.685	0.000166128	610.685	0.00120666
611.109	0.0263695	611.109	-0.0111435	611.109	3.31937e-06	611.109	0.000153634	611.109	0.00118377
611.532	0.0245842	611.532	-0.0105235	611.532	7.62204e-05	611.532	0.000147623	611.532	0.00118860
611.956	0.0224548	611.956	-0.00989247	611.956	8.38831e-05	611.956	0.000130781	611.956	0.00116584
612.380	0.0234649	612.380	-0.0103174	612.380	0.000111359	612.380	0.000123349	612.380	0.00115946
612.804	0.0270876	612.804	-0.0115689	612.804	0.000104111	612.804	0.000119575	612.804	0.00117285
613.227	0.0224589	613.227	-0.00983106	613.227	0.000105381	613.227	0.000105684	613.227	0.00115213
613.651	0.0244776	613.651	-0.0107686	613.651	0.000159220	613.651	9.67451e-05	613.651	0.00112136
614.075	0.0218888	614.075	-0.00965797	614.075	0.000154627	614.075	8.72330e-05	614.075	0.00111884
614.499	0.0234295	614.499	-0.0101915	614.499	0.000156213	614.499	7.95197e-05	614.499	0.00113431
614.923	0.0223025	614.923	-0.00971971	614.923	0.000146435	614.923	7.00555e-05	614.923	0.00111658
615.346	0.0201373	615.346	-0.00892288	615.346	0.000163791	615.346	5.96924e-05	615.346	0.00109008
615.770	0.0205757	615.770	-0.00906958	615.770	0.000188921	615.770	5.05035e-05	615.770	0.00109988
616.194	0.0212332	616.194	-0.00947911	616.194	0.000217794	616.194	4.56822e-05	616.194	0.00108139
616.618	0.0214353	616.618	-0.00952744	616.618	0.000267130	616.618	3.57680e-05	616.618	0.00108488
617.041	0.0178386	617.041	-0.00812447	617.041	0.000268866	617.041	2.43153e-05	617.041	0.00105932
617.465	0.0191857	617.465	-0.00847986	617.465	0.000226501	617.465	1.87336e-05	617.465	0.00104708
617.889	0.0192924	617.889	-0.00865216	617.889	0.000251991	617.889	1.01308e-05	617.889	0.00106307
618.313	0.0164989	618.313	-0.00756135	618.313	0.000256117	618.313	3.11816e-06	618.313	0.00103242
618.736	0.0164035	618.736	-0.00740756	618.736	0.000276423	618.736	-9.37004e-06	618.736	0.00104519
619.160	0.0169844	619.160	-0.00754891	619.160	0.000270965	619.160	-6.39166e-06	619.160	0.00103525
619.584	0.0111504	619.584	-0.00495643	619.584	0.000223861	619.584	-2.56736e-05	619.584	0.00103313
620.008	0.0141892	620.008	-0.00608296	620.008	0.000239632	620.008	-2.85968e-05	620.008	0.00103222
620.431	0.00995918	620.431	-0.00434891	620.431	0.000185759	620.431	-1.83870e-05	620.431	0.000986540
620.855	0.00917304	620.855	-0.00389646	620.855	0.000215609	620.855	-4.07980e-05	620.855	0.00100078
621.279	0.0109715	621.279	-0.00491747	621.279	0.000222220	621.279	-4.74512e-05	621.279	0.000977236
621.703	0.0105555	621.703	-0.00475877	621.703	0.000259283	621.703	-4.96745e-05	621.703	0.000988187
622.126	0.00781515	622.126	-0.00335583	622.126	0.000226549	622.126	-6.18147e-05	622.126	0.000975586
622.550	0.0113717	622.550	-0.00491186	622.550	0.000258624	622.550	-7.47959e-05	622.550	0.000967767
622.974	0.00862204	622.974	-0.00361017	622.974	0.000232876	622.974	-5.97187e-05	622.974	0.000966852
623.398	0.00780301	623.398	-0.00323948	623.398	0.000236862	623.398	-7.81043e-05	623.398	0.000967592
623.821	0.00952057	623.821	-0.00373732	623.821	0.000237768	623.821	-7.48623e-05	623.821	0.000950453
624.245	0.00665557	624.245	-0.00236895	624.245	0.000205988	624.245	-8.83293e-05	624.245	0.000957712
624.669	0.00354752	624.669	-0.00134141	624.669	0.000202697	624.669	-9.63466e-05	624.669	0.000935284
625.093	0.00228900	625.093	-0.000694408	625.093	0.000201150	625.093	-8.48816e-05	625.093	0.000917396
625.517	0.000371633	625.517	0.000489941	625.517	0.000128694	625.517	-9.84903e-05	625.517	0.000913752
625.940	0.00181892	625.940	-5.76052e-05	625.940	0.000147777	625.940	-9.74359e-05	625.940	0.000923864
626.364	0.00363625	626.364	-0.000904813	626.364	0.000173165	626.364	-9.79102e-05	626.364	0.000900666
626.788	0.000482009	626.788	0.000353100	626.788	0.000153657	626.788	-9.61327e-05	626.788	0.000893053
627.212	0.00247581	627.212	-0.000501745	627.212	0.000160037	627.212	-9.70295e-05	627.212	0.000890870
627.635	0.00224428	627.635	-0.000157610	627.635	0.000115184	627.635	-9.65892e-05	627.635	0.000889633
628.059	0.00319655	628.059	-0.000705898	628.059	0.000150718	628.059	-0.000103896	628.059	0.000893496
628.483	-0.000904338	628.483	0.00119106	628.483	0.000115293	628.483	-0.000100475	628.483	0.000867661
628.907	-0.000420488	628.907	0.000768909	628.907	0.000131519	628.907	-0.000101291	628.907	0.000858455
629.330	0.00102215	629.330	0.000647105	629.330	0.000106473	629.330	-9.06739e-05	629.330	0.000881402
629.754	0.000944811	629.754	0.000227751	629.754	0.000134372	629.754	-9.40176e-05	629.754	0.000842009
630.178	-0.00472404	630.178	0.00310248	630.178	2.20560e-05	630.178	-8.66764e-05	630.178	0.000834528
630.602	-0.00387953	630.602	0.00248947	630.602	5.50322e-05	630.602	-8.72644e-05	630.602	0.000834431
631.025	0.000143133	631.025	0.000529075	631.025	0.000121905	631.025	-8.87480e-05	631.025	0.000830152
631.449	-0.00182033	631.449	0.00142931	631.449	8.17068e-05	631.449	-9.66716e-05	631.449	0.000818588
631.873	-0.000397477	631.873	0.00105534	631.873	9.26836e-05	631.873	-8.82332e-05	631.873	0.000820614
632.297	-0.00240528	632.297	0.00176895	632.297	6.92085e-05	632.297	-8.83620e-05	632.297	0.000802645
632.720	-0.00342039	632.720	0.00196769	632.720	0.000100857	632.720	-8.43013e-05	632.720	0.000803296
633.144	-0.00414539	633.144	0.00244335	633.144	2.54453e-05	633.144	-8.13422e-05	633.144	0.000795035
633.568	-0.00786092	633.568	0.00421185	633.568	-2.56729e-05	633.568	-7.76680e-05	633.568	0.000777851
633.992	-0.00601623	633.992	0.00298402	633.992	3.58826e-05	633.992	-7.60400e-05	633.992	0.000760240
634.416	-0.00113868	634.416	0.00101037	634.416	5.01514e-05	634.416	-7.09847e-05	634.416	0.000759708
634.839	-0.00496871	634.839	0.00251354	634.839	3.36984e-05	634.839	-6.56851e-05	634.839	0.000770567
635.263	-0.00750959	635.263	0.00337363	635.263	1.13266e-07	635.263	-6.44695e-05	635.263	0.000754656
635.687	-0.00379327	635.687	0.00182042	635.687	7.01189e-05	635.687	-7.59876e-05	635.687	0.000762492
636.111	-0.00433533	636.111	0.00193278	636.111	5.05545e-05	636.111	-6.08858e-05	636.111	0.000732473
636.534	-0.00658841	636.534	0.00281591	636.534	6.94226e-05	636.534	-5.93837e-05	636.534	0.000705933
636.958	-0.00123755	636.958	0.000374051	636.958	0.000121516	636.958	-6.17608e-05	636.958	0.000733044
637.382	-0.00800666	637.382	0.00325753	637.382	3.69849e-05	637.382	-4.63703e-05	637.382	0.000702036
637.806	-0.00342168	637.806	0.00106372	637.806	0.000122040	637.806	-4.56123e-05	637.806	0.000712530
638.229	-0.00313776	638.229	0.00114915	638.229	6.33328e-05	638.229	-4.64210e-05	638.229	0.000702841
638.653	-0.00415213	638.653	0.00148643	638.653	8.93794e-05	638.653	-5.44819e-05	638.653	0.000704585
639.077	-0.00625906	639.077	0.00243805	639.077	6.81769e-05	639.077	-5.24067e-05	639.077	0.000705339
639.501	-0.00423897	639.501	0.00127369	639.501	0.000109657	639.501	-4.49403e-05	639.501	0.000698706
639.924	-0.00268069	639.924	0.000773001	639.924	7.17228e-05	639.924	-4.30589e-05	639.924	0.000705868
640.348	-0.00418753	640.348	0.00123783	640.348	7.93328e-05	640.348	-3.95880e-05	640.348	0.000686325
640.772	-0.00324103	640.772	0.000609419	640.772	0.000153187	640.772	-4.43796e-05	640.772	0.000674295
641.196	-0.00230080	641.196	0.000218224	641.196	0.000144355	641.196	-4.19127e-05	641.196	0.000676961
641.619	-0.00199893	641.619	-2.94514e-05	641.619	0.000158037	641.619	-4.85308e-05	641.619	0.000670676
642.043	-0.00613531	642.043	0.00208050	642.043	4.77390e-05	642.043	-3.00089e-05	642.043	0.000659069
642.467	-0.00105773	642.467	-0.000413786	642.467	0.000139976	642.467	-4.09221e-05	642.467	0.000657114
642.891	-0.00368079	642.891	0.000857407	642.891	0.000109769	642.891	-3.84220e-05	642.891	0.000639302
643.315	8.07235e-05	643.315	-0.00101685	643.315	0.000156626	643.315	-3.98555e-05	643.315	0.000654318
643.738	-0.00255053	643.738	0.000253617	643.738	0.000119166	643.738	-4.68455e-05	643.738	0.000643621
644.162	-0.000575569	644.162	-0.000654589	644.162	0.000155919	644.162	-4.65990e-05	644.162	0.000627084
644.586	0.00124494	644.586	-0.00147027	644.586	0.000164931	644.586	-5.11930e-05	644.586	0.000633297
645.010	0.00322838	645.010	-0.00246757	645.010	0.000199370	645.010	-4.98586e-05	645.010	0.000627936
645.433	0.000471130	645.433	-0.00115093	645.433	0.000175178	645.433	-5.62944e-05	645.433	0.000624830
645.857	0.00115476	645.857	-0.00143224	645.857	0.000166656	645.857	-5.93620e-05	645.857	0.000625088
646.281	0.00303403	646.281	-0.00209351	646.281	0.000145610	646.281	-5.51343e-05	646.281	0.000621537
646.705	0.00131898	646.705	-0.00127050	646.705	0.000133831	646.705	-5.58977e-05	646.705	0.000619501
647.128	0.00608984	647.128	-0.00341037	647.128	0.000207940	647.128	-5.61565e-05	647.128	0.000619902
647.552	0.00525568	647.552	-0.00294833	647.552	0.000220280	647.552	-5.06944e-05	647.552	0.000590190
647.976	0.00459764	647.976	-0.00248814	647.976	0.000150783	647.976	-6.77634e-05	647.976	0.000593251
648.400	0.00603784	648.400	-0.00329639	648.400	0.000184968	648.400	-6.20380e-05	648.400	0.000572353
648.823	0.00347915	648.823	-0.00191919	648.823	0.000164621	648.823	-6.50161e-05	648.823	0.000570521
649.247	0.0101685	649.247	-0.00465401	649.247	0.000184913	649.247	-6.22495e-05	649.247	0.000587187
649.671	0.00660800	649.671	-0.00308845	649.671	0.000191629	649.671	-6.27984e-05	649.671	0.000571075
650.095	0.0102295	650.095	-0.00474788	650.095	0.000246972	650.095	-7.22581e-05	650.095	0.000580051
650.518	0.0101963	650.518	-0.00457832	650.518	0.000235427	650.518	-6.93022e-05	650.518	0.000567872
650.942	0.00629672	650.942	-0.00267441	650.942	0.000167324	650.942	-7.14594e-05	650.942	0.000554309
651.366	0.00537960	651.366	-0.00223354	651.366	0.000174431	651.366	-6.77911e-05	651.366	0.000529058
651.790	0.00958122	651.790	-0.00385743	651.790	0.000151526	651.790	-6.17097e-05	651.790	0.000530879
652.213	0.00911241	652.213	-0.00379952	652.213	0.000173898	652.213	-6.45647e-05	652.213	0.000520536
652.637	0.00879729	652.637	-0.00356737	652.637	0.000233783	652.637	-7.56125e-05	652.637	0.000523520
653.061	0.00962152	653.061	-0.00386867	653.061	0.000192380	653.061	-7.34999e-05	653.061	0.000495874
653.485	0.00726475	653.485	-0.00278558	653.485	0.000175312	653.485	-7.36770e-05	653.485	0.000484515
653.909	0.00798526	653.909	-0.00322122	653.909	0.000223377	653.909	-6.75275e-05	653.909	0.000473724
654.332	0.00888609	654.332	-0.00337665	654.332	0.000211334	654.332	-6.57475e-05	654.332	0.000466564
654.756	0.00973092	654.756	-0.00367666	654.756	0.000201831	654.756	-7.58488e-05	654.756	0.000457216
655.180	0.00784299	655.180	-0.00268682	655.180	0.000182784	655.180	-6.11407e-05	655.180	0.000452035
655.604	0.00674819	655.604	-0.00204531	655.604	0.000208335	655.604	-6.66435e-05	655.604	0.000459739
656.027	0.00452592	656.027	-0.00123392	656.027	0.000234148	656.027	-7.83038e-05	656.027	0.000440740
656.451	0.00524519	656.451	-0.00146982	656.451	0.000185966	656.451	-5.68582e-05	656.451	0.000435600
656.875	0.00277622	656.875	-0.000419790	656.875	0.000199382	656.875	-5.57779e-05	656.875	0.000420776
657.299	0.00650434	657.299	-0.00204973	657.299	0.000253673	657.299	-7.71573e-05	657.299	0.000422093
657.722	0.00526327	657.722	-0.00155370	657.722	0.000232271	657.722	-6.41532e-05	657.722	0.000407964
658.146	0.00327345	658.146	-0.000733461	658.146	0.000239628	658.146	-5.50736e-05	658.146	0.000392594
658.570	0.000993319	658.570	0.000520479	658.570	0.000185068	658.570	-4.66426e-05	658.570	0.000395795
658.994	-0.00150761	658.994	0.00138358	658.994	0.000196420	658.994	-4.47935e-05	658.994	0.000370936
659.417	-0.00138347	659.417	0.00143952	659.417	0.000214513	659.417	-4.16638e-05	659.417	0.000371714
659.841	-0.00178067	659.841	0.00151786	659.841	0.000203339	659.841	-3.43921e-05	659.841	0.000370571
660.265	-0.00379361	660.265	0.00215623	660.265	0.000243669	660.265	-3.64492e-05	660.265	0.000349875
660.689	-0.00585358	660.689	0.00317908	660.689	0.000212968	660.689	-2.40848e-05	660.689	0.000335009
661.112	-0.00520807	661.112	0.00257353	661.112	0.000281631	661.112	-3.60774e-05	661.112	0.000337177
661.536	-0.00388706	661.536	0.00182729	661.536	0.000291180	661.536	-2.16621e-05	661.536	0.000321941
661.960	-0.00817586	661.960	0.00352437	661.960	0.000298661	661.960	-2.02143e-05	661.960	0.000300751
662.384	-0.00684913	662.384	0.00291959	662.384	0.000323414	662.384	-1.47777e-05	662.384	0.000317008
662.808	-0.00891825	662.808	0.00359610	662.808	0.000324700	662.808	-5.44133e-06	662.808	0.000303633
663.231	-0.0109227	663.231	0.00432492	663.231	0.000314562	663.231	-1.38753e-05	663.231	0.000299228
663.655	-0.0109805	663.655	0.00413783	663.655	0.000345440	663.655	-1.73788e-07	663.655	0.000280547
664.079	-0.0149262	664.079	0.00595174	664.079	0.000374102	664.079	-5.37309e-06	664.079	0.000282670
664.503	-0.0114766	664.503	0.00439494	664.503	0.000402658	664.503	4.80109e-06	664.503	0.000274838
664.926	-0.00987119	664.926	0.00301304	664.926	0.000480188	664.926	1.27674e-05	664.926	0.000271315
665.350	-0.0150316	665.350	0.00523261	665.350	0.000440040	665.350	1.71507e-05	665.350	0.000253004
665.774	-0.0138716	665.774	0.00494144	665.774	0.000422263	665.774	3.00897e-05	665.774	0.000251278
666.198	-0.0141434	666.198	0.00482635	666.198	0.000477716	666.198	1.56579e-05	666.198	0.000260677
666.621	-0.0128173	666.621	0.00387802	666.621	0.000526165	666.621	2.21495e-05	666.621	0.000251423
667.045	-0.0133245	667.045	0.00386247	667.045	0.000561184	667.045	2.04073e-05	667.045	0.000241029
667.469	-0.0144881	667.469	0.00448031	667.469	0.000545727	667.469	2.60006e-05	667.469	0.000232491
667.893	-0.0155476	667.893	0.00496185	667.893	0.000543554	667.893	2.88132e-05	667.893	0.000253979
668.316	-0.0147701	668.316	0.00448964	668.316	0.000599894	668.316	2.97461e-05	668.316	0.000246720
668.740	-0.0129987	668.740	0.00360292	668.740	0.000645806	668.740	3.06368e-05	668.740	0.000237899
669.164	-0.0156337	669.164	0.00483101	669.164	0.000600722	669.164	2.91956e-05	669.164	0.000237619
669.588	-0.0146892	669.588	0.00427175	669.588	0.000658753	669.588	3.00066e-05	669.588	0.000229205
670.011	-0.0152372	670.011	0.00432133	670.011	0.000679363	670.011	2.18770e-05	670.011	0.000243855
670.435	-0.0121993	670.435	0.00290238	670.435	0.000724584	670.435	2.61466e-05	670.435	0.000227699
670.859	-0.0146617	670.859	0.00411388	670.859	0.000677193	670.859	2.14387e-05	670.859	0.000233218
671.283	-0.0128712	671.283	0.00335892	671.283	0.000697591	671.283	2.16090e-05	671.283	0.000230429
671.707	-0.0154901	671.707	0.00427669	671.707	0.000702351	671.707	2.18613e-05	671.707	0.000232920
672.130	-0.0106687	672.130	0.00227842	672.130	0.000715900	672.130	2.98946e-05	672.130	0.000249842
672.554	-0.0126990	672.554	0.00311900	672.554	0.000722653	672.554	2.95684e-05	672.554	0.000240533
672.978	-0.0122141	672.978	0.00297166	672.978	0.000732839	672.978	2.68774e-05	672.978	0.000238904
673.402	-0.0131423	673.402	0.00339642	673.402	0.000721799	673.402	2.99933e-05	673.402	0.000239865
673.825	-0.0121126	673.825	0.00301003	673.825	0.000685370	673.825	2.58157e-05	673.825	0.000244917
674.249	-0.0133415	674.249	0.00392144	674.249	0.000637931	674.249	3.33294e-05	674.249	0.000251529
674.673	-0.0123514	674.673	0.00325396	674.673	0.000674082	674.673	2.71297e-05	674.673	0.000238989
675.097	-0.0116379	675.097	0.00324115	675.097	0.000631519	675.097	1.75233e-05	675.097	0.000251635
675.520	-0.00881323	675.520	0.00164891	675.520	0.000651822	675.520	2.86630e-05	675.520	0.000266995
675.944	-0.0128983	675.944	0.00341102	675.944	0.000623328	675.944	2.71588e-05	675.944	0.000263845
676.368	-0.00895796	676.368	0.00178899	676.368	0.000640824	676.368	2.33895e-05	676.368	0.000268162
676.792	-0.00469646	676.792	0.000220610	676.792	0.000638364	676.792	7.99812e-06	676.792	0.000277812
677.215	-0.00703103	677.215	0.000994057	677.215	0.000597024	677.215	1.19606e-05	677.215	0.000273705
677.639	-0.00860257	677.639	0.00233509	677.639	0.000516853	677.639	2.31609e-05	677.639	0.000290355
678.063	-0.00844394	678.063	0.00224145	678.063	0.000478895	678.063	2.33625e-05	678.063	0.000299026
678.487	-0.00323299	678.487	-8.51661e-05	678.487	0.000524319	678.487	1.55378e-05	678.487	0.000294281
678.910	-0.00238720	678.910	-0.000741021	678.910	0.000529773	678.910	1.33427e-05	678.910	0.000292371
679.334	-0.00237198	679.334	-0.000441893	679.334	0.000487735	679.334	1.30103e-05	679.334	0.000306634
679.758	-0.00493279	679.758	0.000952722	679.758	0.000391143	679.758	1.24587e-05	679.758	0.000301337
680.182	-0.000443584	680.182	-0.00117039	680.182	0.000412252	680.182	9.66271e-06	680.182	0.000297718
680.606	5.15642e-05	680.606	-0.00152780	680.606	0.000396112	680.606	1.10838e-05	680.606	0.000290479
681.029	0.000469206	681.029	-0.00159792	681.029	0.000385352	681.029	3.04708e-06	681.029	0.000308293
681.453	-0.00358368	681.453	0.000161304	681.453	0.000333398	681.453	-5.78804e-06	681.453	0.000296265
681.877	0.00165175	681.877	-0.00168526	681.877	0.000319124	681.877	-9.69933e-07	681.877	0.000322453
682.301	-0.00347015	682.301	0.000574163	682.301	0.000244989	682.301	-2.11824e-06	682.301	0.000324869
682.724	0.00259680	682.724	-0.00227020	682.724	0.000280019	682.724	-6.00471e-06	682.724	0.000333066
683.148	0.000743427	683.148	-0.00155776	683.148	0.000305698	683.148	-7.45461e-06	683.148	0.000322667
683.572	0.000189321	683.572	-0.00107658	683.572	0.000281905	683.572	-1.44593e-05	683.572	0.000314105
683.996	-0.00556989	683.996	0.00138110	683.996	0.000180950	683.996	-8.14733e-06	683.996	0.000305552
684.419	-0.00395850	684.419	0.000669512	684.419	0.000206352	684.419	-1.37878e-05	684.419	0.000291365
684.843	-0.00486211	684.843	0.000946095	684.843	0.000190380	684.843	-2.14194e-06	684.843	0.000283738
685.267	-0.00435642	685.267	0.000747749	685.267	0.000233398	685.267	-1.97074e-05	685.267	0.000304382
685.691	-0.00848882	685.691	0.00277081	685.691	0.000175444	685.691	-1.21959e-05	685.691	0.000310832
686.114	-0.00946721	686.114	0.00330782	686.114	0.000147910	686.114	-1.41038e-05	686.114	0.000287536
686.538	-0.0104252	686.538	0.00393068	686.538	0.000112022	686.538	-6.51413e-06	686.538	0.000296998
686.962	-0.0125438	686.962	0.00473785	686.962	0.000113434	686.962	-1.58583e-05	686.962	0.000278298
687.386	-0.0142769	687.386	0.00536059	687.386	0.000113703	687.386	-4.63534e-06	687.386	0.000266059
687.809	-0.0148230	687.809	0.00585640	687.809	7.60637e-05	687.809	-9.24285e-06	687.809	0.000267625
688.233	-0.0177206	688.233	0.00717116	688.233	8.10449e-05	688.233	-9.55271e-06	688.233	0.000267768
688.657	-0.0217652	688.657	0.00883671	688.657	5.90127e-05	688.657	-1.55763e-06	688.657	0.000247799
689.081	-0.0245332	689.081	0.0103232	689.081	1.92839e-05	689.081	2.70719e-06	689.081	0.000248253
689.504	-0.0251814	689.504	0.0105840	689.504	4.94572e-05	689.504	-1.23462e-06	689.504	0.000246988
689.928	-0.0268579	689.928	0.0113849	689.928	2.48270e-05	689.928	9.85420e-06	689.928	0.000221966
690.352	-0.0268335	690.352	0.0113967	690.352	3.31538e-05	690.352	1.43615e-05	690.352	0.000208752
690.776	-0.0269155	690.776	0.0114835	690.776	2.23008e-05	690.776	1.43556e-05	690.776	0.000224390
691.200	-0.0276637	691.200	0.0113125	691.200	7.38088e-05	691.200	1.14043e-05	691.200	0.000205036
691.623	-0.0318771	691.623	0.0134883	691.623	6.84255e-07	691.623	1.25198e-05	691.623	0.000198436
692.047	-0.0285604	692.047	0.0120391	692.047	8.59157e-05	692.047	1.11347e-05	692.047	0.000214800
692.471	-0.0283268	692.471	0.0119404	692.471	3.66334e-05	692.471	2.44167e-05	692.471	0.000203603
692.895	-0.0281700	692.895	0.0117869	692.895	5.64498e-05	692.895	2.42020e-05	692.895	0.000198282
693.318	-0.0261648	693.318	0.0106664	693.318	0.000116549	693.318	2.82453e-05	693.318	0.000194808
693.742	-0.0281787	693.742	0.0115185	693.742	7.68933e-05	693.742	3.35195e-05	693.742	0.000190935
694.166	-0.0236832	694.166	0.00955611	694.166	0.000134539	694.166	2.63061e-05	694.166	0.000183821
694.590	-0.0280353	694.590	0.0116019	694.590	4.43598e-05	694.590	3.97273e-05	694.590	0.000194211
695.013	-0.0251049	695.013	0.0101238	695.013	0.000145206	695.013	3.46355e-05	695.013	0.000198115
695.437	-0.0243478	695.437	0.00968135	695.437	0.000139569	695.437	3.88304e-05	695.437	0.000199758
695.861	-0.0224361	695.861	0.00889858	695.861	0.000130325	695.861	3.96544e-05	695.861	0.000190034
696.285	-0.0231782	696.285	0.00932866	696.285	9.27894e-05	696.285	3.49951e-05	696.285	0.000197376
696.708	-0.0194714	696.708	0.00768344	696.708	0.000110712	696.708	4.99923e-05	696.708	0.000208234
697.132	-0.0180356	697.132	0.00694981	697.132	0.000135100	697.132	3.62681e-05	697.132	0.000227685
697.556	-0.0167675	697.556	0.00662875	697.556	0.000130148	697.556	3.94896e-05	697.556	0.000219572
697.980	-0.0134561	697.980	0.00484038	697.980	0.000172377	697.980	4.44326e-05	697.980	0.000214202
698.403	-0.00969605	698.403	0.00308339	698.403	0.000234584	698.403	2.67027e-05	698.403	0.000244609
698.827	-0.00865818	698.827	0.00285800	698.827	0.000204453	698.827	4.56183e-05	698.827	0.000235308
699.251	-0.00606522	699.251	0.00165854	699.251	0.000236594	699.251	3.34506e-05	699.251	0.000250509
699.675	-0.00614832	699.675	0.00172090	699.675	0.000242050	699.675	3.22833e-05	699.675	0.000249685
700.099	-0.00237435	700.099	3.43248e-05	700.099	0.000239523	700.099	4.10687e-05	700.099	0.000270283
700.522	-0.000482452	700.522	-0.000803288	700.522	0.000293898	700.522	1.81973e-05	700.522	0.000264277
700.946	0.00135774	700.946	-0.00176111	700.946	0.000301016	700.946	1.97201e-05	700.946	0.000263201
701.370	0.00201266	701.370	-0.00171852	701.370	0.000250996	701.370	2.47875e-05	701.370	0.000267289
701.794	0.000583192	701.794	-0.00112794	701.794	0.000295817	701.794	2.00371e-05	701.794	0.000288824
702.217	0.00271726	702.217	-0.00207153	702.217	0.000270045	702.217	2.16915e-05	702.217	0.000276853
702.641	0.00595655	702.641	-0.00336839	702.641	0.000334579	702.641	2.18039e-05	702.641	0.000279957
703.065	0.00534561	703.065	-0.00304432	703.065	0.000330958	703.065	2.35064e-05	703.065	0.000291804
703.489	0.00517327	703.489	-0.00288823	703.489	0.000311061	703.489	2.48246e-05	703.489	0.000279906
703.912	0.00590285	703.912	-0.00312908	703.912	0.000327705	703.912	2.84175e-05	703.912	0.000290599
704.336	0.00547742	704.336	-0.00304244	704.336	0.000329798	704.336	2.16619e-05	704.336	0.000270832
704.760	0.00727871	704.760	-0.00371368	704.760	0.000396291	704.760	1.48224e-05	704.760	0.000288936
705.184	0.00618863	705.184	-0.00320412	705.184	0.000383313	705.184	1.20983e-05	705.184	0.000281193
705.607	0.00993652	705.607	-0.00471714	705.607	0.000444455	705.607	1.48273e-05	705.607	0.000288607
706.031	0.00784571	706.031	-0.00392488	706.031	0.000397988	706.031	1.17389e-05	706.031	0.000265944
706.455	0.0100544	706.455	-0.00446180	706.455	0.000483900	706.455	1.28091e-05	706.455	0.000281784
706.879	0.00980104	706.879	-0.00407401	706.879	0.000434606	706.879	1.57827e-05	706.879	0.000273059
707.302	0.00840019	707.302	-0.00333224	707.302	0.000414857	707.302	1.67346e-05	707.302	0.000274680
707.726	0.00772741	707.726	-0.00333942	707.726	0.000472620	707.726	2.15095e-05	707.726	0.000253332
708.150	0.00890775	708.150	-0.00374185	708.150	0.000510373	708.150	1.31595e-05	708.150	0.000269772
708.574	0.00870404	708.574	-0.00370226	708.574	0.000559823	708.574	2.01169e-05	708.574	0.000251092
708.998	0.00489091	708.998	-0.00196834	708.998	0.000554734	708.998	2.27371e-05	708.998	0.000256904
709.421	0.00443735	709.421	-0.00155353	709.421	0.000469962	709.421	2.99821e-05	709.421	0.000256430
709.845	0.00898394	709.845	-0.00360443	709.845	0.000568963	709.845	2.03202e-05	709.845	0.000250314
710.269	0.00666706	710.269	-0.00237459	710.269	0.000543469	710.269	2.58313e-05	710.269	0.000238104
710.693	0.00998663	710.693	-0.00388002	710.693	0.000558852	710.693	3.79319e-05	710.693	0.000243985
711.116	0.00762071	711.116	-0.00291824	711.116	0.000525119	711.116	4.22240e-05	711.116	0.000245326
711.540	0.0104376	711.540	-0.00386448	711.540	0.000563732	711.540	3.82236e-05	711.540	0.000246406
711.964	0.0163052	711.964	-0.00625975	711.964	0.000545260	711.964	4.37270e-05	711.964	0.000249572
712.388	0.0140291	712.388	-0.00511154	712.388	0.000535634	712.388	4.77262e-05	712.388	0.000254053
712.811	0.0148135	712.811	-0.00584031	712.811	0.000576326	712.811	4.46802e-05	712.811	0.000267792
713.235	0.0147662	713.235	-0.00573471	713.235	0.000497974	713.235	3.89432e-05	713.235	0.000264947
713.659	0.0160799	713.659	-0.00637617	713.659	0.000515945	713.659	3.53994e-05	713.659	0.000256656
714.083	0.0164850	714.083	-0.00630619	714.083	0.000502152	714.083	3.97575e-05	714.083	0.000274557
714.506	0.0219813	714.506	-0.00894009	714.506	0.000537463	714.506	4.63576e-05	714.506	0.000277332
714.930	0.0189549	714.930	-0.00753736	714.930	0.000492853	714.930	3.48735e-05	714.930	0.000300595
715.354	0.0230082	715.354	-0.00952881	715.354	0.000521372	715.354	4.44152e-05	715.354	0.000294245
715.778	0.0231897	715.778	-0.00931511	715.778	0.000426097	715.778	5.19591e-05	715.778	0.000298599
716.201	0.0246590	716.201	-0.0101534	716.201	0.000431227	716.201	4.24905e-05	716.201	0.000290437
716.625	0.0248053	716.625	-0.0101145	716.625	0.000391470	716.625	3.54680e-05	716.625	0.000320833
717.049	0.0290598	717.049	-0.0118546	717.049	0.000402266	717.049	5.23650e-05	717.049	0.000329176
