XConc1	Conc1	XConc2	Conc2	XConc3	Conc3	XConc4	Conc4	XConc5	Conc5
-0.133400	9.36897e-05	-0.133400	9.96735e-05	-0.133400	6.51879e-05	-0.133400	3.62072e-06	-0.133400	1.79429e-09
-0.100000	0.000811715	-0.100000	0.000959838	-0.100000	0.000735968	-0.100000	4.75813e-05	-0.100000	2.70417e-08
-0.0666000	0.00452153	-0.0666000	0.00601244	-0.0666000	0.00554340	-0.0666000	0.000425781	-0.0666000	2.81928e-07
-0.0334000	0.0161016	-0.0334000	0.0244049	-0.0334000	0.0279337	-0.0334000	0.00260990	-0.0334000	2.04689e-06
0.00000	0.0372517	0.00000	0.0655744	0.00000	0.0975795	0.00000	0.0114389	0.00000	1.08389e-05
0.0334000	0.0555462	0.0334000	0.116214	0.0334000	0.239257	0.0334000	0.0364321	0.0334000	4.25048e-05
0.0666000	0.0535306	0.0666000	0.137047	0.0666000	0.424861	0.0666000	0.0870711	0.0666000	0.000126997
0.100000	0.0333806	0.100000	0.109095	0.100000	0.577110	0.100000	0.165040	0.100000	0.000304654
0.133400	0.0134827	0.133400	0.0595838	0.133400	0.635980	0.133400	0.259465	0.133400	0.000607446
0.166600	0.00357036	0.166600	0.0231147	0.166600	0.611282	0.166600	0.355317	0.166600	0.00104534
0.200000	0.000612387	0.200000	0.00656610	0.200000	0.546352	0.200000	0.444164	0.200000	0.00161880
0.233400	6.88672e-05	0.233400	0.00145738	0.233400	0.474065	0.233400	0.522042	0.233400	0.00231173
0.266600	5.20494e-06	0.266600	0.000275587	0.266600	0.407936	0.266600	0.588677	0.266600	0.00310321
0.300000	2.59344e-07	0.300000	4.69788e-05	0.300000	0.349908	0.300000	0.646056	0.300000	0.00398808
0.333400	8.80233e-09	0.333400	7.70967e-06	0.333400	0.299987	0.333400	0.695056	0.333400	0.00494894
0.366600	2.14410e-10	0.366600	1.26548e-06	0.366600	0.257401	0.366600	0.736630	0.366600	0.00596834
0.400000	3.74724e-12	0.400000	2.05044e-07	0.400000	0.220652	0.400000	0.772299	0.400000	0.00704908
0.433400	5.12435e-14	0.433400	3.32136e-08	0.433400	0.189149	0.433400	0.802674	0.433400	0.00817699
0.466600	6.11669e-16	0.466600	5.43881e-09	0.466600	0.162294	0.466600	0.828368	0.466600	0.00933795
0.500000	6.54270e-18	0.500000	8.80964e-10	0.500000	0.139123	0.500000	0.850337	0.500000	0.0105400
0.533400	6.79291e-20	0.533400	1.42696e-10	0.533400	0.119260	0.533400	0.868969	0.533400	0.0117710
0.566600	7.19802e-22	0.566600	2.33668e-11	0.566600	0.102327	0.566600	0.884654	0.566600	0.0130189
0.600000	7.41337e-24	0.600000	3.78489e-12	0.600000	0.0877178	0.600000	0.897987	0.600000	0.0142952
0.633400	7.63438e-26	0.633400	6.13065e-13	0.633400	0.0751942	0.633400	0.909217	0.633400	0.0155890
0.666600	8.08033e-28	0.666600	1.00391e-13	0.666600	0.0645181	0.666600	0.918592	0.666600	0.0168896
0.700000	8.32117e-30	0.700000	1.62610e-14	0.700000	0.0553067	0.700000	0.926483	0.700000	0.0182105
0.733400	8.56919e-32	0.733400	2.63392e-15	0.733400	0.0474105	0.733400	0.933048	0.733400	0.0195416
0.766600	9.06974e-34	0.766600	4.31310e-16	0.766600	0.0406791	0.766600	0.938448	0.766600	0.0208733
0.800000	9.34007e-36	0.800000	6.98623e-17	0.800000	0.0348713	0.800000	0.942909	0.800000	0.0222200
0.833400	9.61845e-38	0.833400	1.13161e-17	0.833400	0.0298926	0.833400	0.946535	0.833400	0.0235725
0.866600	1.01803e-39	0.866600	1.85304e-18	0.866600	0.0256484	0.866600	0.949430	0.866600	0.0249215
0.900000	1.04837e-41	0.900000	3.00150e-19	0.900000	0.0219866	0.900000	0.951731	0.900000	0.0262824
0.933400	1.07962e-43	0.933400	4.86174e-20	0.933400	0.0188475	0.933400	0.953506	0.933400	0.0276462
0.966600	1.14268e-45	0.966600	7.96122e-21	0.966600	0.0161715	0.966600	0.954824	0.966600	0.0290040
1.00000	1.17674e-47	1.00000	1.28954e-21	1.00000	0.0138627	1.00000	0.955766	1.00000	0.0303716
1.07980	2.10239e-52	1.07980	1.66588e-23	1.07980	0.00959400	1.07980	0.956763	1.07980	0.0336427
1.16600	1.56299e-57	1.16600	1.51835e-25	1.16600	0.00644663	1.16600	0.956376	1.16600	0.0371773
1.25900	4.57731e-63	1.25900	9.55321e-28	1.25900	0.00419802	1.25900	0.954815	1.25900	0.0409866
1.35940	4.86381e-69	1.35940	4.01585e-30	1.35940	0.00264200	1.35940	0.952268	1.35940	0.0450902
1.46780	1.72725e-75	1.46780	1.09157e-32	1.46780	0.00160249	1.46780	0.948891	1.46780	0.0495069
1.58480	1.88821e-82	1.58480	1.85683e-35	1.58480	0.000934187	1.58480	0.944811	1.58480	0.0542552
1.71140	5.54063e-90	1.71140	1.87185e-38	1.71140	0.000521004	1.71140	0.940110	1.71140	0.0593692
1.84780	4.24605e-98	1.84780	1.10615e-41	1.84780	0.000277727	1.84780	0.934872	1.84780	0.0648500
1.99520	7.20990e-107	1.99520	3.58918e-45	1.99520	0.000140722	1.99520	0.929121	1.99520	0.0707381
2.15440	2.43104e-116	2.15440	6.12185e-49	2.15440	6.75254e-05	2.15440	0.922876	2.15440	0.0770566
2.32640	1.41931e-126	2.32640	5.19764e-53	2.32640	3.05445e-05	2.32640	0.916134	2.32640	0.0838352
2.51180	1.32155e-137	2.51180	2.12601e-57	2.51180	1.29885e-05	2.51180	0.908900	2.51180	0.0910864
2.71220	1.57622e-149	2.71220	3.83961e-62	2.71220	5.15391e-06	2.71220	0.901135	2.71220	0.0988598
2.92860	2.09979e-162	2.92860	2.89938e-67	2.92860	1.89962e-06	2.92860	0.892819	2.92860	0.107179
3.16220	2.65071e-176	3.16220	8.57462e-73	3.16220	6.46758e-07	3.16220	0.883925	3.16220	0.116074
3.41460	2.54671e-191	3.41460	9.10221e-79	3.41460	2.01910e-07	3.41460	0.874415	3.41460	0.125585
3.68700	1.57990e-207	3.68700	3.24861e-85	3.68700	5.74796e-08	3.68700	0.864265	3.68700	0.135734
3.98100	5.08297e-225	3.98100	3.57271e-92	3.98100	1.48116e-08	3.98100	0.853443	3.98100	0.146556
4.29860	6.44828e-244	4.29860	1.08569e-99	4.29860	3.42308e-09	4.29860	0.841904	4.29860	0.158095
4.64160	2.52064e-264	4.64160	8.26463e-108	4.64160	7.03644e-10	4.64160	0.829618	4.64160	0.170382
5.01180	2.37260e-286	5.01180	1.42870e-116	5.01180	1.27587e-10	5.01180	0.816558	5.01180	0.183441
5.41160	3.87067e-310	5.41160	4.92102e-126	5.41160	2.01820e-11	5.41160	0.802685	5.41160	0.197314
5.84340	0.00000	5.84340	2.96319e-136	5.84340	2.75439e-12	5.84340	0.787966	5.84340	0.212033
6.30960	0.00000	6.30960	2.73684e-147	6.30960	3.20760e-13	6.30960	0.772378	6.30960	0.227622
6.81300	0.00000	6.81300	3.32851e-159	6.81300	3.14644e-14	6.81300	0.755891	6.81300	0.244108
7.35640	0.00000	7.35640	4.57603e-172	7.35640	2.56645e-15	7.35640	0.738489	7.35640	0.261509
7.94320	0.00000	7.94320	5.90868e-186	7.94320	1.71362e-16	7.94320	0.720148	7.94320	0.279851
8.57700	0.00000	8.57700	5.88907e-201	8.57700	9.21187e-18	8.57700	0.700848	8.57700	0.299151
9.26120	0.00000	9.26120	3.76429e-217	9.26120	3.92488e-19	9.26120	0.680594	9.26120	0.319405
10.0000	0.00000	10.0000	1.22741e-234	10.0000	1.29997e-20	10.0000	0.659380	10.0000	0.340618
10.7978	0.00000	10.7978	1.60628e-253	10.7978	3.27990e-22	10.7978	0.637214	10.7978	0.362784
11.6592	0.00000	11.6592	6.56604e-274	11.6592	6.17147e-24	11.6592	0.614117	11.6592	0.385880
12.5892	0.00000	12.5892	6.38392e-296	12.5892	8.46261e-26	12.5892	0.590119	12.5892	0.409878
13.5936	0.00000	13.5936	1.07617e-319	13.5936	8.23359e-28	13.5936	0.565254	13.5936	0.434742
14.6780	0.00000	14.6780	0.00000	14.6780	5.53893e-30	14.6780	0.539583	14.6780	0.460413
15.8490	0.00000	15.8490	0.00000	15.8490	2.49916e-32	15.8490	0.513170	15.8490	0.486825
17.1132	0.00000	17.1132	0.00000	17.1132	7.33624e-35	17.1132	0.486104	17.1132	0.513891
18.4784	0.00000	18.4784	0.00000	18.4784	1.35157e-37	18.4784	0.458477	18.4784	0.541518
19.9526	0.00000	19.9526	0.00000	19.9526	1.50615e-40	19.9526	0.430404	19.9526	0.569589
21.5444	0.00000	21.5444	0.00000	21.5444	9.75732e-44	21.5444	0.402019	21.5444	0.597974
23.2630	0.00000	23.2630	0.00000	23.2630	3.52209e-47	23.2630	0.373470	23.2630	0.626521
25.1188	0.00000	25.1188	0.00000	25.1188	6.75220e-51	25.1188	0.344915	25.1188	0.655076
27.1228	0.00000	27.1228	0.00000	27.1228	6.53476e-55	27.1228	0.316526	27.1228	0.683463
29.2864	0.00000	29.2864	0.00000	29.2864	3.02914e-59	29.2864	0.288493	29.2864	0.711494
31.6228	0.00000	31.6228	0.00000	31.6228	6.32810e-64	31.6228	0.261003	31.6228	0.738983
34.1454	0.00000	34.1454	0.00000	34.1454	5.60080e-69	34.1454	0.234255	34.1454	0.765729
36.8694	0.00000	36.8694	0.00000	36.8694	1.95795e-74	36.8694	0.208441	36.8694	0.791540
39.8108	0.00000	39.8108	0.00000	39.8108	2.51119e-80	39.8108	0.183752	39.8108	0.816227
42.9866	0.00000	42.9866	0.00000	42.9866	1.09252e-86	42.9866	0.160368	42.9866	0.839609
46.4158	0.00000	46.4158	0.00000	46.4158	1.47705e-93	46.4158	0.138448	46.4158	0.861526
50.1188	0.00000	50.1188	0.00000	50.1188	5.64820e-101	50.1188	0.118129	50.1188	0.881841
54.1170	0.00000	54.1170	0.00000	54.1170	5.53490e-109	54.1170	0.0995253	54.1170	0.900441
58.4342	0.00000	58.4342	0.00000	58.4342	1.24543e-117	58.4342	0.0827127	58.4342	0.917250
63.0958	0.00000	63.0958	0.00000	63.0958	5.72351e-127	63.0958	0.0677330	63.0958	0.932225
68.1292	0.00000	68.1292	0.00000	68.1292	4.73426e-137	68.1292	0.0545893	68.1292	0.945364
73.5642	0.00000	73.5642	0.00000	73.5642	6.14322e-148	73.5642	0.0432454	73.5642	0.956703
79.4328	0.00000	79.4328	0.00000	79.4328	1.07893e-159	79.4328	0.0336280	79.4328	0.966314
85.7696	0.00000	85.7696	0.00000	85.7696	2.18646e-172	85.7696	0.0256299	85.7696	0.974306
92.6118	0.00000	92.6118	0.00000	92.6118	4.30647e-186	92.6118	0.0191154	92.6118	0.980814
100.000	0.00000	100.000	0.00000	100.000	6.83609e-201	100.000	0.0139270	100.000	0.985995
107.978	0.00000	107.978	0.00000	107.978	7.15922e-217	107.978	0.00989378	107.978	0.990020
116.591	0.00000	116.591	0.00000	116.591	3.98612e-234	116.591	0.00683948	116.591	0.993065
125.893	0.00000	125.893	0.00000	125.893	9.31760e-253	125.893	0.00459081	125.893	0.995305
135.936	0.00000	135.936	0.00000	135.936	7.11470e-273	135.936	0.00298502	135.936	0.996900
146.780	0.00000	146.780	0.00000	146.780	1.34810e-294	146.780	0.00187537	146.780	0.997999
158.489	0.00000	158.489	0.00000	158.489	4.72724e-318	158.489	0.00113534	158.489	0.998727
171.133	0.00000	171.133	0.00000	171.133	0.00000	171.133	0.000660358	171.133	0.999189
184.785	0.00000	184.785	0.00000	184.785	0.00000	184.785	0.000367836	184.785	0.999468
199.526	0.00000	199.526	0.00000	199.526	0.00000	199.526	0.000195551	199.526	0.999625
215.443	0.00000	215.443	0.00000	215.443	0.00000	215.443	9.88492e-05	215.443	0.999705
232.631	0.00000	232.631	0.00000	232.631	0.00000	232.631	4.73203e-05	232.631	0.999739
251.189	0.00000	251.189	0.00000	251.189	0.00000	251.189	2.13602e-05	251.189	0.999746
271.227	0.00000	271.227	0.00000	271.227	0.00000	271.227	9.04905e-06	271.227	0.999738
292.864	0.00000	292.864	0.00000	292.864	0.00000	292.864	3.57968e-06	292.864	0.999722
316.228	0.00000	316.228	0.00000	316.228	0.00000	316.228	1.31508e-06	316.228	0.999700
341.455	0.00000	341.455	0.00000	341.455	0.00000	341.455	4.46039e-07	341.455	0.999675
368.695	0.00000	368.695	0.00000	368.695	0.00000	368.695	1.38780e-07	368.695	0.999648
398.107	0.00000	398.107	0.00000	398.107	0.00000	398.107	3.93400e-08	398.107	0.999618
429.866	0.00000	429.866	0.00000	429.866	0.00000	429.866	1.00848e-08	429.866	0.999586
464.159	0.00000	464.159	0.00000	464.159	0.00000	464.159	2.31920e-09	464.159	0.999551
501.187	0.00000	501.187	0.00000	501.187	0.00000	501.187	4.74334e-10	501.187	0.999513
541.170	0.00000	541.170	0.00000	541.170	0.00000	541.170	8.54760e-11	541.170	0.999472
584.341	0.00000	584.341	0.00000	584.341	0.00000	584.341	1.34349e-11	584.341	0.999428
630.957	0.00000	630.957	0.00000	630.957	0.00000	630.957	1.82187e-12	630.957	0.999381
681.292	0.00000	681.292	0.00000	681.292	0.00000	681.292	2.10659e-13	681.292	0.999329
735.642	0.00000	735.642	0.00000	735.642	0.00000	735.642	2.05066e-14	735.642	0.999274
794.328	0.00000	794.328	0.00000	794.328	0.00000	794.328	1.65768e-15	794.328	0.999214
857.696	0.00000	857.696	0.00000	857.696	0.00000	857.696	1.09639e-16	857.696	0.999150
926.119	0.00000	926.119	0.00000	926.119	0.00000	926.119	5.83884e-18	926.119	0.999080
1000.00	0.00000	1000.00	0.00000	1000.00	0.00000	1000.00	2.46087e-19	1000.00	0.999004
1079.78	0.00000	1079.78	0.00000	1079.78	0.00000	1079.78	8.05633e-21	1079.78	0.998923
