400.38315
400.80607
401.22898
401.65190
402.07482
402.49774
402.92065
403.34357
403.76649
404.18940
404.61232
405.03524
405.45816
405.88107
406.30399
406.72691
407.14982
407.57274
407.99566
408.41857
408.84149
409.26441
409.68733
410.11024
410.53316
410.95608
411.37899
411.80191
412.22483
412.64775
413.07066
413.49358
413.91650
414.33941
414.76233
415.18525
415.60816
416.03108
416.45400
416.87692
417.29983
417.72275
418.14567
418.56858
418.99150
419.41442
419.83733
420.26025
420.68317
421.10609
421.52900
421.95192
422.37484
422.79775
423.22067
423.64359
424.06651
424.48942
424.91234
425.33526
425.75817
426.18109
426.60401
427.02692
427.44984
427.87276
428.29568
428.71859
429.14151
429.56443
429.98734
430.41026
430.83318
431.25610
431.67901
432.10193
432.52485
432.94776
433.37068
433.79360
434.21651
434.63943
435.06235
435.48527
435.90818
436.33110
436.75402
437.17693
437.59985
438.02277
438.44569
438.86860
439.29152
439.71444
440.13735
440.56027
440.98319
441.40610
441.82902
442.25194
442.67486
443.09777
443.52069
443.94361
444.36652
444.78944
445.21236
445.63528
446.05819
446.48111
446.90403
447.32694
447.74986
448.17278
448.59569
449.01861
449.44153
449.86445
450.28736
450.71028
451.13320
451.55611
451.97903
452.40195
452.82487
453.24778
453.67070
454.09362
454.51653
454.93945
455.36237
455.78528
456.20820
456.63112
457.05404
457.47695
457.89987
458.32279
458.74570
459.16862
459.59154
460.01446
460.43737
460.86029
461.28321
461.70612
462.12904
462.55196
462.97487
463.39779
463.82071
464.24363
464.66654
465.08946
465.51238
465.93529
466.35821
466.78113
467.20405
467.62696
468.04988
468.47280
468.89571
469.31863
469.74155
470.16446
470.58738
471.01030
471.43322
471.85613
472.27905
472.70197
473.12488
473.54780
473.97072
474.39364
474.81655
475.23947
475.66239
476.08530
476.50822
476.93114
477.35405
477.77697
478.19989
478.62281
479.04572
479.46864
479.89156
480.31447
480.73739
481.16031
481.58322
482.00614
482.42906
482.85198
483.27489
483.69781
484.12073
484.54364
484.96656
485.38948
485.81240
486.23531
486.65823
487.08115
487.50406
487.92698
488.34990
488.77281
489.19573
489.61865
490.04157
490.46448
490.88740
491.31032
491.73323
492.15615
492.57907
493.00199
493.42490
493.84782
494.27074
494.69365
495.11657
495.53949
495.96240
496.38532
496.80824
497.23116
497.65407
498.07699
498.49991
498.92282
499.34574
499.76866
500.19158
500.61449
501.03741
501.46033
501.88324
502.30616
502.72908
503.15199
503.57491
503.99783
504.42075
504.84366
505.26658
505.68950
506.11241
506.53533
506.95825
507.38117
507.80408
508.22700
508.64992
509.07283
509.49575
509.91867
510.34158
510.76450
511.18742
511.61034
512.03325
512.45617
512.87909
513.30200
513.72492
514.14784
514.57076
514.99367
515.41659
515.83951
516.26242
516.68534
517.10826
517.53117
517.95409
518.37701
518.79993
519.22284
519.64576
520.06868
520.49159
520.91451
521.33743
521.76035
522.18326
522.60618
523.02910
523.45201
523.87493
524.29785
524.72076
525.14368
525.56660
525.98952
526.41243
526.83535
527.25827
527.68118
528.10410
528.52702
528.94993
529.37285
529.79577
530.21869
530.64160
531.06452
531.48744
531.91035
532.33327
532.75619
533.17911
533.60202
534.02494
534.44786
534.87077
535.29369
535.71661
536.13952
536.56244
536.98536
537.40828
537.83119
538.25411
538.67703
539.09994
539.52286
539.94578
540.36870
540.79161
541.21453
541.63745
542.06036
542.48328
542.90620
543.32911
543.75203
544.17495
544.59787
545.02078
545.44370
545.86662
546.28953
546.71245
547.13537
547.55829
547.98120
548.40412
548.82704
549.24995
549.67287
550.09579
550.51870
550.94162
551.36454
551.78746
552.21037
552.63329
553.05621
553.47912
553.90204
554.32496
554.74788
555.17079
555.59371
556.01663
556.43954
556.86246
557.28538
557.70829
558.13121
558.55413
558.97705
559.39996
559.82288
560.24580
560.66871
561.09163
561.51455
561.93747
562.36038
562.78330
563.20622
563.62913
564.05205
564.47497
564.89788
565.32080
565.74372
566.16664
566.58955
567.01247
567.43539
567.85830
568.28122
568.70414
569.12706
569.54997
569.97289
570.39581
570.81872
571.24164
571.66456
572.08747
572.51039
572.93331
573.35623
573.77914
574.20206
574.62498
575.04789
575.47081
575.89373
576.31664
576.73956
577.16248
577.58540
578.00831
578.43123
578.85415
579.27706
579.69998
580.12290
580.54582
580.96873
581.39165
581.81457
582.23748
582.66040
583.08332
583.50623
583.92915
584.35207
584.77499
585.19790
585.62082
586.04374
586.46665
586.88957
587.31249
587.73541
588.15832
588.58124
589.00416
589.42707
589.84999
590.27291
590.69582
591.11874
591.54166
591.96458
592.38749
592.81041
593.23333
593.65624
594.07916
594.50208
594.92500
595.34791
595.77083
596.19375
596.61666
597.03958
597.46250
597.88541
598.30833
598.73125
599.15417
599.57708
600.00000
600.42292
600.84583
601.26875
601.69167
602.11459
602.53750
602.96042
603.38334
603.80625
604.22917
604.65209
605.07500
605.49792
605.92084
606.34376
606.76667
607.18959
607.61251
608.03542
608.45834
608.88126
609.30418
609.72709
610.15001
610.57293
610.99584
611.41876
611.84168
612.26459
612.68751
613.11043
613.53335
613.95626
614.37918
614.80210
615.22501
615.64793
616.07085
616.49377
616.91668
617.33960
617.76252
618.18543
618.60835
619.03127
619.45418
619.87710
620.30002
620.72294
621.14585
621.56877
621.99169
622.41460
622.83752
623.26044
623.68336
624.10627
624.52919
624.95211
625.37502
625.79794
626.22086
626.64377
627.06669
627.48961
627.91253
628.33544
628.75836
629.18128
629.60419
630.02711
630.45003
630.87294
631.29586
631.71878
632.14170
632.56461
632.98753
633.41045
633.83336
634.25628
634.67920
635.10212
635.52503
635.94795
636.37087
636.79378
637.21670
637.63962
638.06253
638.48545
638.90837
639.33129
639.75420
640.17712
640.60004
641.02295
641.44587
641.86879
642.29171
642.71462
643.13754
643.56046
643.98337
644.40629
644.82921
645.25212
645.67504
646.09796
646.52088
646.94379
647.36671
647.78963
648.21254
648.63546
649.05838
649.48130
649.90421
650.32713
650.75005
651.17296
651.59588
652.01880
652.44171
652.86463
653.28755
653.71047
654.13338
654.55630
654.97922
655.40213
655.82505
656.24797
656.67089
657.09380
657.51672
657.93964
658.36255
658.78547
659.20839
659.63130
660.05422
660.47714
660.90006
661.32297
661.74589
662.16881
662.59172
663.01464
663.43756
663.86048
664.28339
664.70631
665.12923
665.55214
665.97506
666.39798
666.82089
667.24381
667.66673
668.08965
668.51256
668.93548
669.35840
669.78131
670.20423
670.62715
671.05007
671.47298
671.89590
672.31882
672.74173
673.16465
673.58757
674.01048
674.43340
674.85632
675.27924
675.70215
676.12507
676.54799
676.97090
677.39382
677.81674
678.23965
678.66257
679.08549
679.50841
679.93132
680.35424
680.77716
681.20007
681.62299
682.04591
682.46883
682.89174
683.31466
683.73758
684.16049
684.58341
685.00633
685.42924
685.85216
686.27508
686.69800
687.12091
687.54383
687.96675
688.38966
688.81258
689.23550
689.65842
690.08133
690.50425
690.92717
691.35008
691.77300
692.19592
692.61883
693.04175
693.46467
693.88759
694.31050
694.73342
695.15634
695.57925
696.00217
696.42509
696.84801
697.27092
697.69384
698.11676
698.53967
698.96259
699.38551
699.80842
700.23134
700.65426
701.07718
701.50009
701.92301
702.34593
702.76884
703.19176
703.61468
704.03760
704.46051
704.88343
705.30635
705.72926
706.15218
706.57510
706.99801
707.42093
707.84385
708.26677
708.68968
709.11260
709.53552
709.95843
710.38135
710.80427
711.22719
711.65010
712.07302
712.49594
712.91885
713.34177
713.76469
714.18760
714.61052
715.03344
715.45636
715.87927
716.30219
716.72511
717.14802
717.57094
717.99386
718.41678
718.83969
719.26261
719.68553
720.10844
720.53136
720.95428
721.37719
721.80011
722.22303
722.64595
723.06886
723.49178
723.91470
724.33761
724.76053
725.18345
725.60636
726.02928
726.45220
726.87512
727.29803
727.72095
728.14387
728.56678
728.98970
729.41262
729.83554
730.25845
730.68137
731.10429
731.52720
731.95012
732.37304
732.79596
733.21887
733.64179
734.06471
734.48762
734.91054
735.33346
735.75637
736.17929
736.60221
737.02513
737.44804
737.87096
738.29388
738.71679
739.13971
739.56263
739.98554
740.40846
740.83138
741.25430
741.67721
742.10013
742.52305
742.94596
743.36888
743.79180
744.21472
744.63763
745.06055
745.48347
745.90638
746.32930
746.75222
747.17513
747.59805
748.02097
748.44389
748.86680
749.28972
749.71264
750.13555
750.55847
750.98139
751.40431
751.82722
752.25014
752.67306
753.09597
753.51889
753.94181
754.36472
754.78764
755.21056
755.63348
756.05639
756.47931
756.90223
757.32514
757.74806
758.17098
758.59390
759.01681
759.43973
759.86265
760.28556
760.70848
761.13140
761.55431
761.97723
762.40015
762.82307
763.24598
763.66890
764.09182
764.51473
764.93765
765.36057
765.78349
766.20640
766.62932
767.05224
767.47515
767.89807
768.32099
768.74390
769.16682
769.58974
770.01266
770.43557
770.85849
771.28141
771.70432
772.12724
772.55016
772.97308
773.39599
773.81891
774.24183
774.66474
775.08766
775.51058
775.93349
776.35641
776.77933
777.20225
777.62516
778.04808
778.47100
778.89391
779.31683
779.73975
780.16266
780.58558
781.00850
781.43142
781.85433
782.27725
782.70017
783.12308
783.54600
783.96892
784.39184
784.81475
785.23767
785.66059
786.08350
786.50642
786.92934
787.35225
787.77517
788.19809
788.62101
789.04392
789.46684
789.88976
790.31267
790.73559
791.15851
791.58143
792.00434
792.42726
792.85018
793.27309
793.69601
794.11893
794.54184
794.96476
795.38768
795.81060
796.23351
796.65643
797.07935
797.50226
797.92518
798.34810
798.77102
799.19393
799.61685
