XDAS1	DAS1	XDAS2	DAS2	XDAS3	DAS3
400.383	-7.26613e-05	400.383	0.000268542	400.383	-0.00300214
400.806	-0.000166888	400.806	0.000308177	400.806	0.000390930
401.229	-0.000120345	401.229	0.000387114	401.229	-0.00371782
401.652	-0.000157040	401.652	0.000365174	401.652	-0.00135962
402.075	-7.10845e-05	402.075	0.000277386	402.075	-0.00154197
402.498	-0.000108747	402.498	0.000341444	402.498	-0.000944353
402.921	-0.000171169	402.921	0.000329236	402.921	-0.00148676
403.344	-0.000146377	403.344	0.000357147	403.344	-0.000628489
403.766	-7.00666e-05	403.766	0.000291713	403.766	-0.000698263
404.189	-0.000127116	404.189	0.000346044	404.189	-0.00163853
404.612	-5.12040e-05	404.612	0.000311846	404.612	-0.00207010
405.035	-0.000159439	405.035	0.000376848	405.035	-0.00294133
405.458	-0.000148839	405.458	0.000360621	405.458	-0.00193722
405.881	-0.000138649	405.881	0.000312026	405.881	-0.00305306
406.304	-0.000163444	406.304	0.000403353	406.304	-0.00444384
406.727	-0.000106345	406.727	0.000401124	406.727	-0.00286335
407.150	-8.89742e-05	407.150	0.000365029	407.150	-0.00245941
407.573	-7.29966e-05	407.573	0.000279948	407.573	-0.00227121
407.996	-0.000159774	407.996	0.000388147	407.996	-0.00208275
408.419	-0.000211926	408.419	0.000476876	408.419	-0.00128571
408.841	-0.000136890	408.841	0.000367489	408.841	-0.000856055
409.264	-0.000148088	409.264	0.000410641	409.264	-0.00163151
409.687	-0.000169663	409.687	0.000390238	409.687	-0.00125585
410.110	-0.000155390	410.110	0.000474989	410.110	-0.00167188
410.533	-0.000144142	410.533	0.000420469	410.533	-0.00114298
410.956	-0.000120031	410.956	0.000373702	410.956	-8.72109e-05
411.379	-9.91599e-05	411.379	0.000361792	411.379	-0.00213889
411.802	-6.57209e-05	411.802	0.000373679	411.802	-0.00122917
412.225	-3.60176e-05	412.225	0.000382375	412.225	-0.00148906
412.648	-0.000117246	412.648	0.000425250	412.648	-0.00186769
413.071	-5.31765e-05	413.071	0.000469467	413.071	-0.00243944
413.494	-4.27869e-05	413.494	0.000454696	413.494	-0.00272545
413.917	-7.95578e-05	413.917	0.000383678	413.917	0.00108229
414.339	-0.000102045	414.339	0.000509031	414.339	0.000876079
414.762	-8.91438e-05	414.762	0.000449801	414.762	-0.00251541
415.185	1.72969e-05	415.185	0.000396716	415.185	-0.00178001
415.608	-0.000119241	415.608	0.000538421	415.608	-0.00115161
416.031	5.30232e-06	416.031	0.000450124	416.031	-0.000936040
416.454	2.92564e-06	416.454	0.000524650	416.454	-0.000782049
416.877	-2.92928e-05	416.877	0.000509928	416.877	-0.00205888
417.300	-3.31123e-05	417.300	0.000547390	417.300	-0.00140257
417.723	-3.63024e-05	417.723	0.000644061	417.723	-0.00185195
418.146	-5.59382e-05	418.146	0.000624646	418.146	-0.000722952
418.569	-5.57408e-05	418.569	0.000594628	418.569	0.000307802
418.992	-1.07409e-05	418.992	0.000534101	418.992	-0.000712738
419.414	6.71924e-06	419.414	0.000702224	419.414	-0.00253052
419.837	-2.94684e-05	419.837	0.000700882	419.837	-0.00201635
420.260	-0.000104861	420.260	0.000787975	420.260	-0.000735964
420.683	2.16896e-05	420.683	0.000733935	420.683	-0.000907945
421.106	4.98437e-05	421.106	0.000728951	421.106	-0.000457311
421.529	0.000114539	421.529	0.000733751	421.529	-0.000863176
421.952	4.54101e-05	421.952	0.000795437	421.952	0.000941329
422.375	-1.58404e-05	422.375	0.000903919	422.375	6.79629e-05
422.798	4.17419e-05	422.798	0.000845104	422.798	0.000492358
423.221	-2.75776e-05	423.221	0.000973061	423.221	0.00177658
423.644	4.91027e-05	423.644	0.00101225	423.644	0.00111643
424.067	8.52839e-05	424.067	0.000988169	424.067	-0.000478465
424.489	7.01271e-05	424.489	0.00101034	424.489	0.00156736
424.912	5.20478e-05	424.912	0.00104683	424.912	0.00307432
425.335	8.99980e-05	425.335	0.00113389	425.335	0.000482646
425.758	0.000141186	425.758	0.00118164	425.758	0.00137135
426.181	0.000131666	426.181	0.00119430	426.181	0.00198838
426.604	0.000110138	426.604	0.00127122	426.604	0.00205751
427.027	6.20794e-05	427.027	0.00126792	427.027	0.00452499
427.450	0.000132289	427.450	0.00129132	427.450	0.00359426
427.873	0.000137364	427.873	0.00129383	427.873	0.00416480
428.296	3.22460e-05	428.296	0.00141597	428.296	0.00411375
428.719	0.000106964	428.719	0.00149285	428.719	0.00586391
429.142	0.000100333	429.142	0.00161681	429.142	0.00303787
429.564	7.82833e-05	429.564	0.00169674	429.564	0.00609583
429.987	0.000113084	429.987	0.00176052	429.987	0.00228566
430.410	0.000112228	430.410	0.00170599	430.410	0.00539732
430.833	0.000141538	430.833	0.00174807	430.833	0.00568912
431.256	0.000103507	431.256	0.00192491	431.256	0.00540845
431.679	0.000142031	431.679	0.00196997	431.679	0.00616533
432.102	0.000105406	432.102	0.00200334	432.102	0.00613687
432.525	0.000176033	432.525	0.00209557	432.525	0.00577270
432.948	0.000240701	432.948	0.00208796	432.948	0.00689989
433.371	0.000204593	433.371	0.00220790	433.371	0.00710780
433.794	0.000201877	433.794	0.00227054	433.794	0.00556242
434.217	0.000196733	434.217	0.00231215	434.217	0.00590757
434.639	0.000230216	434.639	0.00244553	434.639	0.00752482
435.062	0.000240866	435.062	0.00259988	435.062	0.00647279
435.485	0.000219916	435.485	0.00266698	435.485	0.00743740
435.908	0.000279253	435.908	0.00277216	435.908	0.00661225
436.331	0.000232181	436.331	0.00285823	436.331	0.00913088
436.754	0.000202858	436.754	0.00292429	436.754	0.00819239
437.177	0.000243709	437.177	0.00315278	437.177	0.0108104
437.600	0.000283698	437.600	0.00308884	437.600	0.00801636
438.023	0.000213412	438.023	0.00324700	438.023	0.00955330
438.446	0.000232396	438.446	0.00339237	438.446	0.00870661
438.869	0.000343516	438.869	0.00331701	438.869	0.00939407
439.292	0.000300833	439.292	0.00354282	439.292	0.00972884
439.714	0.000310865	439.714	0.00365832	439.714	0.0114904
440.137	0.000349754	440.137	0.00374840	440.137	0.00829291
440.560	0.000272293	440.560	0.00392700	440.560	0.0100770
440.983	0.000328483	440.983	0.00404883	440.983	0.00877744
441.406	0.000347314	441.406	0.00406291	441.406	0.0102397
441.829	0.000362388	441.829	0.00425549	441.829	0.0113565
442.252	0.000390955	442.252	0.00436693	442.252	0.0105693
442.675	0.000386969	442.675	0.00451386	442.675	0.0111591
443.098	0.000388902	443.098	0.00473536	443.098	0.0112064
443.521	0.000403174	443.521	0.00481955	443.521	0.0113043
443.944	0.000435309	443.944	0.00487597	443.944	0.0118579
444.367	0.000445840	444.367	0.00506374	444.367	0.0131452
444.789	0.000455578	444.789	0.00517905	444.789	0.0132888
445.212	0.000381026	445.212	0.00550880	445.212	0.0130677
445.635	0.000447008	445.635	0.00563650	445.635	0.0122832
446.058	0.000475065	446.058	0.00575684	446.058	0.0114912
446.481	0.000594226	446.481	0.00575226	446.481	0.0109869
446.904	0.000538102	446.904	0.00604909	446.904	0.00852398
447.327	0.000541748	447.327	0.00627185	447.327	0.0103675
447.750	0.000434627	447.750	0.00647519	447.750	0.0112629
448.173	0.000443264	448.173	0.00664538	448.173	0.0127568
448.596	0.000533198	448.596	0.00680954	448.596	0.0128811
449.019	0.000517235	449.019	0.00697013	449.019	0.0130788
449.442	0.000480290	449.442	0.00722363	449.442	0.0123488
449.864	0.000521676	449.864	0.00751104	449.864	0.0110399
450.287	0.000490741	450.287	0.00776823	450.287	0.0108072
450.710	0.000494542	450.710	0.00789764	450.710	0.0111040
451.133	0.000488421	451.133	0.00820887	451.133	0.0112885
451.556	0.000448314	451.556	0.00843906	451.556	0.0107501
451.979	0.000544621	451.979	0.00867191	451.979	0.00892438
452.402	0.000562265	452.402	0.00892951	452.402	0.0100807
452.825	0.000597628	452.825	0.00915764	452.825	0.0103625
453.248	0.000640694	453.248	0.00946156	453.248	0.00999620
453.671	0.000633636	453.671	0.00970946	453.671	0.00896909
454.094	0.000643747	454.094	0.00999744	454.094	0.00888925
454.517	0.000621098	454.517	0.0103428	454.517	0.00918455
454.939	0.000634620	454.939	0.0106520	454.939	0.00991313
455.362	0.000654571	455.362	0.0110334	455.362	0.00685411
455.785	0.000608947	455.785	0.0113336	455.785	0.00766391
456.208	0.000728917	456.208	0.0116735	456.208	0.00725835
456.631	0.000667689	456.631	0.0119996	456.631	0.00430865
457.054	0.000621491	457.054	0.0124194	457.054	0.00513329
457.477	0.000649505	457.477	0.0127683	457.477	0.00722362
457.900	0.000670364	457.900	0.0131320	457.900	0.00534254
458.323	0.000764410	458.323	0.0135120	458.323	0.00297857
458.746	0.000706678	458.746	0.0139773	458.746	0.00360819
459.169	0.000696959	459.169	0.0144366	459.169	0.00442476
459.592	0.000716331	459.592	0.0147533	459.592	0.00268486
460.014	0.000760543	460.014	0.0152135	460.014	0.00126169
460.437	0.000665842	460.437	0.0156711	460.437	0.00176315
460.860	0.000714099	460.860	0.0161674	460.860	-0.000618734
461.283	0.000791647	461.283	0.0165503	461.283	-0.00251477
461.706	0.000781142	461.706	0.0170112	461.706	-0.00333396
462.129	0.000864345	462.129	0.0173822	462.129	-0.00547780
462.552	0.000762422	462.552	0.0179673	462.552	-0.00423456
462.975	0.000793392	462.975	0.0184860	462.975	-0.00528442
463.398	0.000785485	463.398	0.0189660	463.398	-0.00783673
463.821	0.000826547	463.821	0.0194418	463.821	-0.0101096
464.244	0.000822876	464.244	0.0200370	464.244	-0.0100742
464.667	0.000761765	464.667	0.0205839	464.667	-0.0106887
465.089	0.000776923	465.089	0.0211253	465.089	-0.0117715
465.512	0.000829517	465.512	0.0215317	465.512	-0.0130697
465.935	0.000755901	465.935	0.0222027	465.935	-0.0173914
466.358	0.000801561	466.358	0.0227577	466.358	-0.0164383
466.781	0.000825141	466.781	0.0232787	466.781	-0.0173764
467.204	0.000807199	467.204	0.0238488	467.204	-0.0199903
467.627	0.000787365	467.627	0.0243865	467.627	-0.0226027
468.050	0.000763365	468.050	0.0249277	468.050	-0.0239507
468.473	0.000787496	468.473	0.0255061	468.473	-0.0274220
468.896	0.000759964	468.896	0.0261253	468.896	-0.0288976
469.319	0.000855795	469.319	0.0266461	469.319	-0.0321693
469.742	0.000772134	469.742	0.0272235	469.742	-0.0342551
470.164	0.000764384	470.164	0.0278357	470.164	-0.0370087
470.587	0.000784092	470.587	0.0283902	470.587	-0.0390715
471.010	0.000812777	471.010	0.0289528	471.010	-0.0411293
471.433	0.000748229	471.433	0.0297290	471.433	-0.0442795
471.856	0.000740772	471.856	0.0302918	471.856	-0.0450883
472.279	0.000769130	472.279	0.0309366	472.279	-0.0480657
472.702	0.000778348	472.702	0.0315383	472.702	-0.0510707
473.125	0.000723485	473.125	0.0321605	473.125	-0.0521589
473.548	0.000774655	473.548	0.0327410	473.548	-0.0540723
473.971	0.000756568	473.971	0.0333719	473.971	-0.0575616
474.394	0.000754141	474.394	0.0340171	474.394	-0.0604184
474.817	0.000716144	474.817	0.0347199	474.817	-0.0641681
475.239	0.000743684	475.239	0.0353771	475.239	-0.0669157
475.662	0.000783777	475.662	0.0360683	475.662	-0.0706307
476.085	0.000742115	476.085	0.0367798	476.085	-0.0749295
476.508	0.000742712	476.508	0.0375874	476.508	-0.0786153
476.931	0.000777833	476.931	0.0382599	476.931	-0.0831237
477.354	0.000755360	477.354	0.0390324	477.354	-0.0861614
477.777	0.000753951	477.777	0.0397163	477.777	-0.0896978
478.200	0.000758172	478.200	0.0405844	478.200	-0.0931916
478.623	0.000755317	478.623	0.0413061	478.623	-0.0964614
479.046	0.000769914	479.046	0.0421734	479.046	-0.0998490
479.469	0.000791623	479.469	0.0430611	479.469	-0.103381
479.892	0.000791805	479.892	0.0439342	479.892	-0.107333
480.314	0.000799394	480.314	0.0446905	480.314	-0.109858
480.737	0.000828317	480.737	0.0456809	480.737	-0.113660
481.160	0.000825250	481.160	0.0466473	481.160	-0.116879
481.583	0.000800104	481.583	0.0476113	481.583	-0.122082
482.006	0.000831177	482.006	0.0485752	482.006	-0.126289
482.429	0.000819979	482.429	0.0496519	482.429	-0.131582
482.852	0.000903847	482.852	0.0506711	482.852	-0.136873
483.275	0.000888521	483.275	0.0517069	483.275	-0.140757
483.698	0.000881731	483.698	0.0529798	483.698	-0.147117
484.121	0.000855594	484.121	0.0540351	484.121	-0.153009
484.544	0.000923106	484.544	0.0552815	484.544	-0.159249
484.967	0.000916864	484.967	0.0565462	484.967	-0.165467
485.389	0.000922297	485.389	0.0578347	485.389	-0.172032
485.812	0.000934927	485.812	0.0591367	485.812	-0.179737
486.235	0.000988125	486.235	0.0604687	486.235	-0.186600
486.658	0.00100344	486.658	0.0617980	486.658	-0.194378
487.081	0.00100098	487.081	0.0632023	487.081	-0.201716
487.504	0.00102864	487.504	0.0645973	487.504	-0.208954
487.927	0.000975080	487.927	0.0661189	487.927	-0.214417
488.350	0.00100414	488.350	0.0675675	488.350	-0.222482
488.773	0.00101653	488.773	0.0690416	488.773	-0.229645
489.196	0.00100528	489.196	0.0707105	489.196	-0.237249
489.619	0.000959174	489.619	0.0722102	489.619	-0.244089
490.042	0.000910161	490.042	0.0737497	490.042	-0.251395
490.464	0.000917655	490.464	0.0754386	490.464	-0.259764
490.887	0.000883139	490.887	0.0768113	490.887	-0.267108
491.310	0.000811795	491.310	0.0787934	491.310	-0.277464
491.733	0.000793804	491.733	0.0801877	491.733	-0.286040
492.156	0.000761446	492.156	0.0819123	492.156	-0.295689
492.579	0.000662084	492.579	0.0835482	492.579	-0.304831
493.002	0.000608243	493.002	0.0850518	493.002	-0.314133
493.425	0.000531298	493.425	0.0866327	493.425	-0.324873
493.848	0.000452413	493.848	0.0883094	493.848	-0.335785
494.271	0.000382390	494.271	0.0897300	494.271	-0.346051
494.694	0.000312689	494.694	0.0912846	494.694	-0.357609
495.117	0.000200650	495.117	0.0927534	495.117	-0.368773
495.539	9.12977e-05	495.539	0.0940182	495.539	-0.377535
495.962	-9.81939e-06	495.962	0.0951640	495.962	-0.387222
496.385	-0.000134690	496.385	0.0966962	496.385	-0.399120
496.808	-0.000187683	496.808	0.0974947	496.808	-0.407731
497.231	-0.000322965	497.231	0.0986968	497.231	-0.417538
497.654	-0.000413664	497.654	0.0996852	497.654	-0.427399
498.077	-0.000553465	498.077	0.100664	498.077	-0.435979
498.500	-0.000689875	498.500	0.101378	498.500	-0.442215
498.923	-0.000822228	498.923	0.101958	498.923	-0.448316
499.346	-0.00101045	499.346	0.102451	499.346	-0.453508
499.769	-0.00111174	499.769	0.102541	499.769	-0.457014
500.192	-0.00121595	500.192	0.103014	500.192	-0.462651
500.614	-0.00132323	500.614	0.102790	500.614	-0.463646
501.037	-0.00147652	501.037	0.103141	501.037	-0.467193
501.460	-0.00158673	501.460	0.103176	501.460	-0.470025
501.883	-0.00170812	501.883	0.103808	501.883	-0.475508
502.306	-0.00180435	502.306	0.104017	502.306	-0.479176
502.729	-0.00187922	502.729	0.104373	502.729	-0.483320
503.152	-0.00192247	503.152	0.104038	503.152	-0.485098
503.575	-0.00203158	503.575	0.104169	503.575	-0.488354
503.998	-0.00207658	503.998	0.103866	503.998	-0.490515
504.421	-0.00211390	504.421	0.103648	504.421	-0.493511
504.844	-0.00219313	504.844	0.103324	504.844	-0.494922
505.267	-0.00221312	505.267	0.103134	505.267	-0.498165
505.690	-0.00223534	505.690	0.102640	505.690	-0.499467
506.112	-0.00226897	506.112	0.102470	506.112	-0.502104
506.535	-0.00226792	506.535	0.102069	506.535	-0.504404
506.958	-0.00226422	506.958	0.101536	506.958	-0.506097
507.381	-0.00229880	507.381	0.101528	507.381	-0.509449
507.804	-0.00226209	507.804	0.100940	507.804	-0.511633
508.227	-0.00227159	508.227	0.100629	508.227	-0.512475
508.650	-0.00231315	508.650	0.100426	508.650	-0.513473
509.073	-0.00234449	509.073	0.100059	509.073	-0.512924
509.496	-0.00236929	509.496	0.0997682	509.496	-0.512835
509.919	-0.00236981	509.919	0.0993103	509.919	-0.511838
510.342	-0.00240060	510.342	0.0992994	510.342	-0.514299
510.765	-0.00241535	510.765	0.0987283	510.765	-0.511829
511.187	-0.00241799	511.187	0.0984364	511.187	-0.512336
511.610	-0.00245749	511.610	0.0983464	511.610	-0.513759
512.033	-0.00247595	512.033	0.0979516	512.033	-0.512680
512.456	-0.00249793	512.456	0.0976334	512.456	-0.512383
512.879	-0.00250839	512.879	0.0973951	512.879	-0.512271
513.302	-0.00253188	513.302	0.0972275	513.302	-0.513705
513.725	-0.00250961	513.725	0.0968753	513.725	-0.513699
514.148	-0.00251254	514.148	0.0961152	514.148	-0.511528
514.571	-0.00256207	514.571	0.0963101	514.571	-0.514453
514.994	-0.00256934	514.994	0.0955287	514.994	-0.512410
515.417	-0.00256510	515.417	0.0953461	515.417	-0.514263
515.840	-0.00253856	515.840	0.0948973	515.840	-0.514843
516.262	-0.00257530	516.262	0.0944617	516.262	-0.513875
516.685	-0.00257165	516.685	0.0943058	516.685	-0.516244
517.108	-0.00254974	517.108	0.0935771	517.108	-0.514631
517.531	-0.00253259	517.531	0.0928305	517.531	-0.513457
517.954	-0.00254090	517.954	0.0926201	517.954	-0.514543
518.377	-0.00257290	518.377	0.0921386	518.377	-0.512831
518.800	-0.00257108	518.800	0.0916437	518.800	-0.510682
519.223	-0.00255926	519.223	0.0907947	519.223	-0.506932
519.646	-0.00260261	519.646	0.0909110	519.646	-0.508227
520.069	-0.00260232	520.069	0.0899654	520.069	-0.504186
520.492	-0.00259481	520.492	0.0894729	520.492	-0.502484
520.915	-0.00259855	520.915	0.0892195	520.915	-0.501658
521.337	-0.00259805	521.337	0.0885874	521.337	-0.498316
521.760	-0.00258563	521.760	0.0880435	521.760	-0.496775
522.183	-0.00258016	522.183	0.0875925	522.183	-0.495461
522.606	-0.00254948	522.606	0.0871900	522.606	-0.493661
523.029	-0.00253893	523.029	0.0868295	523.029	-0.492985
523.452	-0.00251692	523.452	0.0863120	523.452	-0.491324
523.875	-0.00251810	523.875	0.0860807	523.875	-0.490860
524.298	-0.00249287	524.298	0.0855312	524.298	-0.488167
524.721	-0.00244753	524.721	0.0851633	524.721	-0.487819
525.144	-0.00243702	525.144	0.0851719	525.144	-0.489010
525.567	-0.00240248	525.567	0.0845477	525.567	-0.486680
525.990	-0.00238460	525.990	0.0842701	525.990	-0.486323
526.412	-0.00234865	526.412	0.0841775	526.412	-0.486459
526.835	-0.00230028	526.835	0.0837888	526.835	-0.485958
527.258	-0.00228352	527.258	0.0835280	527.258	-0.485611
527.681	-0.00224253	527.681	0.0833934	527.681	-0.486966
528.104	-0.00222214	528.104	0.0828701	528.104	-0.482902
528.527	-0.00222822	528.527	0.0828593	528.527	-0.482077
528.950	-0.00222764	528.950	0.0827912	528.950	-0.479997
529.373	-0.00219855	529.373	0.0823878	529.373	-0.477745
529.796	-0.00218464	529.796	0.0821133	529.796	-0.474907
530.219	-0.00218478	530.219	0.0821879	530.219	-0.474389
530.642	-0.00214533	530.642	0.0817550	530.642	-0.470989
531.065	-0.00213489	531.065	0.0816053	531.065	-0.469468
531.487	-0.00210993	531.487	0.0813709	531.487	-0.468283
531.910	-0.00209062	531.910	0.0811630	531.910	-0.466245
532.333	-0.00206296	532.333	0.0809455	532.333	-0.464213
532.756	-0.00203508	532.756	0.0807483	532.756	-0.462846
533.179	-0.00201174	533.179	0.0806211	533.179	-0.461563
533.602	-0.00195909	533.602	0.0801194	533.602	-0.458480
534.025	-0.00191133	534.025	0.0801154	534.025	-0.459032
534.448	-0.00188984	534.448	0.0799166	534.448	-0.457528
534.871	-0.00181350	534.871	0.0794290	534.871	-0.455178
535.294	-0.00176106	535.294	0.0792495	535.294	-0.454542
535.717	-0.00172788	535.717	0.0790827	535.717	-0.453547
536.140	-0.00166790	536.140	0.0788859	536.140	-0.453660
536.562	-0.00159281	536.562	0.0782891	536.562	-0.450528
536.985	-0.00153385	536.985	0.0783881	536.985	-0.451634
537.408	-0.00147691	537.408	0.0779844	537.408	-0.450304
537.831	-0.00141298	537.831	0.0778317	537.831	-0.449154
538.254	-0.00135006	538.254	0.0773616	538.254	-0.445829
538.677	-0.00133232	538.677	0.0774967	538.677	-0.444908
539.100	-0.00126356	539.100	0.0770329	539.100	-0.441335
539.523	-0.00120979	539.523	0.0768594	539.523	-0.439537
539.946	-0.00117177	539.946	0.0767574	539.946	-0.437603
540.369	-0.00110974	540.369	0.0766967	540.369	-0.436593
540.792	-0.00105361	540.792	0.0764955	540.792	-0.434452
541.215	-0.000976517	541.215	0.0763864	541.215	-0.433009
541.637	-0.000940120	541.637	0.0763027	541.637	-0.431789
542.060	-0.000865138	542.060	0.0763971	542.060	-0.431241
542.483	-0.000801257	542.483	0.0762592	542.483	-0.429315
542.906	-0.000718410	542.906	0.0762681	542.906	-0.429453
543.329	-0.000659395	543.329	0.0764311	543.329	-0.429300
543.752	-0.000595165	543.752	0.0764093	543.752	-0.428286
544.175	-0.000524469	544.175	0.0766280	544.175	-0.428529
544.598	-0.000451648	544.598	0.0767425	544.598	-0.429077
545.021	-0.000385507	545.021	0.0770789	545.021	-0.430315
545.444	-0.000293978	545.444	0.0772070	545.444	-0.430926
545.867	-0.000231541	545.867	0.0776341	545.867	-0.432017
546.290	-0.000157493	546.290	0.0777673	546.290	-0.432727
546.712	-7.70414e-05	546.712	0.0782368	546.712	-0.434658
547.135	2.10793e-05	547.135	0.0788112	547.135	-0.438116
547.558	8.56912e-05	547.558	0.0790635	547.558	-0.438758
547.981	0.000136296	547.981	0.0796719	547.981	-0.439975
548.404	0.000174830	548.404	0.0801887	548.404	-0.439931
548.827	0.000214997	548.827	0.0808027	548.827	-0.440771
549.250	0.000273360	549.250	0.0814829	549.250	-0.442303
549.673	0.000313041	549.673	0.0818906	549.673	-0.442176
550.096	0.000359666	550.096	0.0829308	550.096	-0.444824
550.519	0.000402280	550.519	0.0836597	550.519	-0.446405
550.942	0.000445512	550.942	0.0845871	550.942	-0.448716
551.365	0.000512862	551.365	0.0852805	551.365	-0.450194
551.787	0.000554121	551.787	0.0862376	551.787	-0.453057
552.210	0.000579049	552.210	0.0872530	552.210	-0.456880
552.633	0.000621891	552.633	0.0881123	552.633	-0.460392
553.056	0.000658833	553.056	0.0893616	553.056	-0.465339
553.479	0.000722829	553.479	0.0904978	553.479	-0.470823
553.902	0.000749150	553.902	0.0917717	553.902	-0.475926
554.325	0.000793219	554.325	0.0928792	554.325	-0.480405
554.748	0.000817614	554.748	0.0940802	554.748	-0.485262
555.171	0.000847558	555.171	0.0956867	555.171	-0.492644
555.594	0.000901360	555.594	0.0968053	555.594	-0.497543
556.017	0.000936289	556.017	0.0983937	556.017	-0.505234
556.440	0.000976313	556.440	0.100086	556.440	-0.513075
556.862	0.000993824	556.862	0.101097	556.862	-0.517489
557.285	0.00103106	557.285	0.103222	557.285	-0.527887
557.708	0.00107183	557.708	0.104924	557.708	-0.536517
558.131	0.00110607	558.131	0.106084	558.131	-0.542295
558.554	0.00111631	558.554	0.108186	558.554	-0.550935
558.977	0.00111345	558.977	0.109891	558.977	-0.557389
559.400	0.00111215	559.400	0.111574	559.400	-0.563611
559.823	0.00110707	559.823	0.113527	559.823	-0.570977
560.246	0.00106538	560.246	0.115736	560.246	-0.579261
560.669	0.00107957	560.669	0.117263	560.669	-0.585163
561.092	0.00104336	561.092	0.119418	561.092	-0.593548
561.515	0.00104191	561.515	0.121228	561.515	-0.601198
561.937	0.00102558	561.937	0.123320	561.937	-0.609937
562.360	0.000972026	562.360	0.125383	562.360	-0.617619
562.783	0.000968694	562.783	0.127484	562.783	-0.626728
563.206	0.000909338	563.206	0.129186	563.206	-0.633034
563.629	0.000929730	563.629	0.131519	563.629	-0.643697
564.052	0.000890771	564.052	0.133764	564.052	-0.652975
564.475	0.000847310	564.475	0.135626	564.475	-0.660888
564.898	0.000817726	564.898	0.137869	564.898	-0.670472
565.321	0.000758485	565.321	0.139860	565.321	-0.679226
565.744	0.000733019	565.744	0.141824	565.744	-0.688327
566.167	0.000663396	566.167	0.143917	566.167	-0.696761
566.590	0.000624720	566.590	0.146189	566.590	-0.706699
567.012	0.000567474	567.012	0.147831	567.012	-0.714147
567.435	0.000503653	567.435	0.150046	567.435	-0.724609
567.858	0.000425246	567.858	0.151949	567.858	-0.732948
568.281	0.000348633	568.281	0.153922	568.281	-0.742268
568.704	0.000266682	568.704	0.155731	568.704	-0.750516
569.127	0.000131587	569.127	0.158047	569.127	-0.760603
569.550	2.60478e-05	569.550	0.159475	569.550	-0.765311
569.973	-0.000167053	569.973	0.161499	569.973	-0.771354
570.396	-0.000317416	570.396	0.163108	570.396	-0.775714
570.819	-0.000499754	570.819	0.164835	570.819	-0.780548
571.242	-0.000734558	571.242	0.166761	571.242	-0.786116
571.665	-0.000921661	571.665	0.168371	571.665	-0.790680
572.087	-0.00116439	572.087	0.169454	572.087	-0.792185
572.510	-0.00138623	572.510	0.171191	572.510	-0.797216
572.933	-0.00164152	572.933	0.172650	572.933	-0.800449
573.356	-0.00191297	573.356	0.173919	573.356	-0.802842
573.779	-0.00220222	573.779	0.175275	573.779	-0.805842
574.202	-0.00245933	574.202	0.176394	574.202	-0.807468
574.625	-0.00275891	574.625	0.177302	574.625	-0.808291
575.048	-0.00306091	575.048	0.178342	575.048	-0.810143
575.471	-0.00335759	575.471	0.179151	575.471	-0.810775
575.894	-0.00371742	575.894	0.180121	575.894	-0.811760
576.317	-0.00399191	576.317	0.180326	576.317	-0.811103
576.740	-0.00429842	576.740	0.180801	576.740	-0.811121
577.162	-0.00467072	577.162	0.181788	577.162	-0.812730
577.585	-0.00495525	577.585	0.181047	577.585	-0.807005
578.008	-0.00526846	578.008	0.181658	578.008	-0.806728
578.431	-0.00556859	578.431	0.181362	578.431	-0.804302
578.854	-0.00586196	578.854	0.180992	578.854	-0.800952
579.277	-0.00619244	579.277	0.180977	579.277	-0.798406
579.700	-0.00641143	579.700	0.179984	579.700	-0.793363
580.123	-0.00669472	580.123	0.179206	580.123	-0.787759
580.546	-0.00697563	580.546	0.178280	580.546	-0.779517
580.969	-0.00727034	580.969	0.177376	580.969	-0.770784
581.392	-0.00753832	581.392	0.175947	581.392	-0.759512
581.815	-0.00780797	581.815	0.174713	581.815	-0.749869
582.237	-0.00799743	582.237	0.173129	582.237	-0.739021
582.660	-0.00822778	582.660	0.171673	582.660	-0.728229
583.083	-0.00838492	583.083	0.169716	583.083	-0.715882
583.506	-0.00853321	583.506	0.167750	583.506	-0.703698
583.929	-0.00865729	583.929	0.165958	583.929	-0.692816
584.352	-0.00875404	584.352	0.163376	584.352	-0.678504
584.775	-0.00884088	584.775	0.161559	584.775	-0.667714
585.198	-0.00887570	585.198	0.158633	585.198	-0.652528
585.621	-0.00888916	585.621	0.156116	585.621	-0.639160
586.044	-0.00890711	586.044	0.153557	586.044	-0.625906
586.467	-0.00887171	586.467	0.150945	586.467	-0.613443
586.890	-0.00884488	586.890	0.148140	586.890	-0.599123
587.312	-0.00879075	587.312	0.145593	587.312	-0.586082
587.735	-0.00868546	587.735	0.142413	587.735	-0.571275
588.158	-0.00858218	588.158	0.139491	588.158	-0.556905
588.581	-0.00848232	588.581	0.136618	588.581	-0.543780
589.004	-0.00835492	589.004	0.133677	589.004	-0.530173
589.427	-0.00816292	589.427	0.130682	589.427	-0.517150
589.850	-0.00798192	589.850	0.127408	589.850	-0.502298
590.273	-0.00783239	590.273	0.124847	590.273	-0.491121
590.696	-0.00763612	590.696	0.121770	590.696	-0.478316
591.119	-0.00740612	591.119	0.118512	591.119	-0.464355
591.542	-0.00721927	591.542	0.115652	591.542	-0.451460
591.965	-0.00704260	591.965	0.112822	591.965	-0.438196
592.387	-0.00684471	592.387	0.109963	592.387	-0.424863
592.810	-0.00664949	592.810	0.107124	592.810	-0.411796
593.233	-0.00642710	593.233	0.104100	593.233	-0.398218
593.656	-0.00623556	593.656	0.101379	593.656	-0.386630
594.079	-0.00603526	594.079	0.0987794	594.079	-0.374413
594.502	-0.00583388	594.502	0.0959156	594.502	-0.362364
594.925	-0.00561091	594.925	0.0931203	594.925	-0.349958
595.348	-0.00541636	595.348	0.0909283	595.348	-0.340531
595.771	-0.00520141	595.771	0.0881583	595.771	-0.328719
596.194	-0.00499634	596.194	0.0859115	596.194	-0.317914
596.617	-0.00479297	596.617	0.0834245	596.617	-0.307170
597.040	-0.00459168	597.040	0.0811542	597.040	-0.296508
597.463	-0.00439190	597.463	0.0789615	597.463	-0.287472
597.885	-0.00417011	597.885	0.0766728	597.885	-0.277312
598.308	-0.00397260	598.308	0.0746965	598.308	-0.268715
598.731	-0.00376908	598.731	0.0726054	598.731	-0.260012
599.154	-0.00357565	599.154	0.0706547	599.154	-0.252295
599.577	-0.00336517	599.577	0.0686842	599.577	-0.244426
600.000	-0.00318148	600.000	0.0667986	600.000	-0.236858
600.423	-0.00299888	600.423	0.0649756	600.423	-0.229446
600.846	-0.00281432	600.846	0.0632819	600.846	-0.223836
601.269	-0.00264372	601.269	0.0616468	601.269	-0.217169
601.692	-0.00247978	601.692	0.0598611	601.692	-0.210952
602.115	-0.00233043	602.115	0.0583457	602.115	-0.205803
602.538	-0.00216458	602.538	0.0568047	602.538	-0.199760
602.960	-0.00201982	602.960	0.0553052	602.960	-0.194558
603.383	-0.00189683	603.383	0.0538416	603.383	-0.188870
603.806	-0.00176925	603.806	0.0524841	603.806	-0.183001
604.229	-0.00164709	604.229	0.0510758	604.229	-0.177233
604.652	-0.00154384	604.652	0.0499281	604.652	-0.171946
605.075	-0.00143276	605.075	0.0486361	605.075	-0.166495
605.498	-0.00129819	605.498	0.0474131	605.498	-0.161499
605.921	-0.00121581	605.921	0.0463896	605.921	-0.156044
606.344	-0.00107965	606.344	0.0452545	606.344	-0.151552
606.767	-0.000984464	606.767	0.0441672	606.767	-0.146234
607.190	-0.000891372	607.190	0.0432268	607.190	-0.141827
607.613	-0.000778828	607.613	0.0423039	607.613	-0.136842
608.035	-0.000677119	608.035	0.0413596	608.035	-0.132947
608.458	-0.000572305	608.458	0.0403331	608.458	-0.129523
608.881	-0.000475934	608.881	0.0395125	608.881	-0.125258
609.304	-0.000395299	609.304	0.0385970	609.304	-0.122349
609.727	-0.000295193	609.727	0.0378791	609.727	-0.119296
610.150	-0.000198787	610.150	0.0368252	610.150	-0.116353
610.573	-0.000137778	610.573	0.0361870	610.573	-0.113082
610.996	-6.79114e-05	610.996	0.0353920	610.996	-0.110651
611.419	-4.31650e-06	611.419	0.0345792	611.419	-0.107849
611.842	7.86708e-05	611.842	0.0339083	611.842	-0.106114
612.265	0.000133376	612.265	0.0332231	612.265	-0.103294
612.688	0.000175434	612.688	0.0325639	612.688	-0.100961
613.110	0.000252161	613.110	0.0318734	613.110	-0.0976811
613.533	0.000324579	613.533	0.0313947	613.533	-0.0963013
613.956	0.000379764	613.956	0.0306908	613.956	-0.0929318
614.379	0.000425838	614.379	0.0300751	614.379	-0.0901841
614.802	0.000472180	614.802	0.0296480	614.802	-0.0868574
615.225	0.000520305	615.225	0.0291618	615.225	-0.0827400
615.648	0.000563719	615.648	0.0286944	615.648	-0.0798561
616.071	0.000625912	616.071	0.0282100	616.071	-0.0768719
616.494	0.000673665	616.494	0.0276836	616.494	-0.0733297
616.917	0.000710897	616.917	0.0272899	616.917	-0.0703960
617.340	0.000777705	617.340	0.0268249	617.340	-0.0676314
617.763	0.000814496	617.763	0.0263283	617.763	-0.0653540
618.185	0.000871799	618.185	0.0259083	618.185	-0.0634301
618.608	0.000915547	618.608	0.0254217	618.608	-0.0614010
619.031	0.000956884	619.031	0.0250402	619.031	-0.0593149
619.454	0.000989457	619.454	0.0246377	619.454	-0.0575413
619.877	0.00105019	619.877	0.0241279	619.877	-0.0570704
620.300	0.00106688	620.300	0.0237653	620.300	-0.0549737
620.723	0.00110818	620.723	0.0233387	620.723	-0.0537336
621.146	0.00112410	621.146	0.0229228	621.146	-0.0522270
621.569	0.00116711	621.569	0.0225479	621.569	-0.0511464
621.992	0.00119985	621.992	0.0222261	621.992	-0.0490380
622.415	0.00123767	622.415	0.0218463	622.415	-0.0476045
622.838	0.00127745	622.838	0.0214602	622.838	-0.0454458
623.260	0.00128430	623.260	0.0212529	623.260	-0.0424842
623.683	0.00132123	623.683	0.0209060	623.683	-0.0398291
624.106	0.00139035	624.106	0.0206446	624.106	-0.0377324
624.529	0.00140208	624.529	0.0203653	624.529	-0.0346671
624.952	0.00143726	624.952	0.0200936	624.952	-0.0319448
625.375	0.00148131	625.375	0.0198790	625.375	-0.0288192
625.798	0.00151836	625.798	0.0195820	625.798	-0.0261444
626.221	0.00157957	626.221	0.0192964	626.221	-0.0237097
626.644	0.00159195	626.644	0.0190721	626.644	-0.0219350
627.067	0.00163369	627.067	0.0188062	627.067	-0.0200259
627.490	0.00166319	627.490	0.0185471	627.490	-0.0188359
627.913	0.00170863	627.913	0.0181681	627.913	-0.0174886
628.335	0.00173626	628.335	0.0178977	628.335	-0.0164622
628.758	0.00176703	628.758	0.0176492	628.758	-0.0157400
629.181	0.00178022	629.181	0.0173050	629.181	-0.0154884
629.604	0.00181467	629.604	0.0170144	629.604	-0.0148060
630.027	0.00186138	630.027	0.0166426	630.027	-0.0150963
630.450	0.00186830	630.450	0.0163751	630.450	-0.0136959
630.873	0.00189277	630.873	0.0161252	630.873	-0.0134349
631.296	0.00190514	631.296	0.0158099	631.296	-0.0126046
631.719	0.00193686	631.719	0.0155326	631.719	-0.0110402
632.142	0.00196030	632.142	0.0152080	632.142	-0.00916777
632.565	0.00196753	632.565	0.0149672	632.565	-0.00781410
632.988	0.00201987	632.988	0.0147337	632.988	-0.00586303
633.410	0.00204226	633.410	0.0144565	633.410	-0.00363166
633.833	0.00205315	633.833	0.0142952	633.833	-0.00111503
634.256	0.00209140	634.256	0.0140643	634.256	0.00133449
634.679	0.00211598	634.679	0.0138443	634.679	0.00462257
635.102	0.00217131	635.102	0.0136777	635.102	0.00729411
635.525	0.00217294	635.525	0.0134150	635.525	0.00902301
635.948	0.00219829	635.948	0.0132173	635.948	0.0119105
636.371	0.00226170	636.371	0.0129826	636.371	0.0136787
636.794	0.00228161	636.794	0.0127116	636.794	0.0154177
637.217	0.00228500	637.217	0.0124787	637.217	0.0169286
637.640	0.00232270	637.640	0.0121904	637.640	0.0171824
638.063	0.00236619	638.063	0.0119257	638.063	0.0183029
638.485	0.00234283	638.485	0.0116408	638.485	0.0177981
638.908	0.00237588	638.908	0.0113398	638.908	0.0192797
639.331	0.00242973	639.331	0.0109694	639.331	0.0182350
639.754	0.00243090	639.754	0.0107332	639.754	0.0197517
640.177	0.00246155	640.177	0.0103181	640.177	0.0193933
640.600	0.00247384	640.600	0.0100126	640.600	0.0209707
641.023	0.00252230	641.023	0.00966810	641.023	0.0221297
641.446	0.00251467	641.446	0.00941852	641.446	0.0238130
641.869	0.00256629	641.869	0.00910358	641.869	0.0260067
642.292	0.00258540	642.292	0.00877827	642.292	0.0283627
642.715	0.00256939	642.715	0.00850735	642.715	0.0309340
643.138	0.00259974	643.138	0.00825385	643.138	0.0345185
643.560	0.00263389	643.560	0.00800464	643.560	0.0374641
643.983	0.00263837	643.983	0.00773855	643.983	0.0399282
644.406	0.00266930	644.406	0.00755851	644.406	0.0432069
644.829	0.00268354	644.829	0.00730089	644.829	0.0456595
645.252	0.00270186	645.252	0.00714474	645.252	0.0479863
645.675	0.00271842	645.675	0.00691847	645.675	0.0497227
646.098	0.00277180	646.098	0.00669660	646.098	0.0503062
646.521	0.00278828	646.521	0.00648810	646.521	0.0501301
646.944	0.00283185	646.944	0.00621644	646.944	0.0494069
647.367	0.00286055	647.367	0.00604469	647.367	0.0486338
647.790	0.00290303	647.790	0.00582100	647.790	0.0471663
648.213	0.00293350	648.213	0.00552077	648.213	0.0445516
648.635	0.00296290	648.635	0.00525822	648.635	0.0423345
649.058	0.00298034	649.058	0.00496547	649.058	0.0400121
649.481	0.00301277	649.481	0.00471343	649.481	0.0373997
649.904	0.00306707	649.904	0.00439549	649.904	0.0348572
650.327	0.00307641	650.327	0.00406639	650.327	0.0325053
650.750	0.00310916	650.750	0.00377556	650.750	0.0309736
651.173	0.00309463	651.173	0.00341090	651.173	0.0294989
651.596	0.00312007	651.596	0.00315653	651.596	0.0298419
652.019	0.00319379	652.019	0.00283837	652.019	0.0284148
652.442	0.00320268	652.442	0.00250751	652.442	0.0284357
652.865	0.00325006	652.865	0.00222813	652.865	0.0291293
653.288	0.00329535	653.288	0.00197016	653.288	0.0293574
653.710	0.00332496	653.710	0.00176364	653.710	0.0303547
654.133	0.00333248	654.133	0.00152650	654.133	0.0322566
654.556	0.00335452	654.556	0.00132859	654.556	0.0325183
654.979	0.00339959	654.979	0.00114277	654.979	0.0344402
655.402	0.00344258	655.402	0.000944130	655.402	0.0357654
655.825	0.00347246	655.825	0.000835320	655.825	0.0362064
656.248	0.00351852	656.248	0.000664794	656.248	0.0373374
656.671	0.00354304	656.671	0.000532651	656.671	0.0369600
657.094	0.00356420	657.094	0.000399648	657.094	0.0371245
657.517	0.00357758	657.517	0.000285520	657.517	0.0373530
657.940	0.00363132	657.940	0.000118161	657.940	0.0358567
658.363	0.00365649	658.363	-8.54967e-06	658.363	0.0344516
658.785	0.00364713	658.785	-0.000136804	658.785	0.0335343
659.208	0.00371324	659.208	-0.000286647	659.208	0.0315552
659.631	0.00375011	659.631	-0.000484530	659.631	0.0308489
660.054	0.00379277	660.054	-0.000677794	660.054	0.0283227
660.477	0.00381687	660.477	-0.000893962	660.477	0.0273836
660.900	0.00382871	660.900	-0.00109097	660.900	0.0273568
661.323	0.00385957	661.323	-0.00133509	661.323	0.0268319
661.746	0.00386938	661.746	-0.00154591	661.746	0.0262377
662.169	0.00394765	662.169	-0.00180301	662.169	0.0260530
662.592	0.00397386	662.592	-0.00209162	662.592	0.0254405
663.015	0.00401524	663.015	-0.00229737	663.015	0.0262581
663.438	0.00406955	663.438	-0.00258264	663.438	0.0262758
663.860	0.00412453	663.860	-0.00283442	663.860	0.0275309
664.283	0.00415180	664.283	-0.00303762	664.283	0.0289479
664.706	0.00422647	664.706	-0.00324671	664.706	0.0297040
665.129	0.00429865	665.129	-0.00341040	665.129	0.0304366
665.552	0.00429426	665.552	-0.00355635	665.552	0.0321886
665.975	0.00438825	665.975	-0.00374377	665.975	0.0320445
666.398	0.00445512	666.398	-0.00381305	666.398	0.0339940
666.821	0.00447904	666.821	-0.00387614	666.821	0.0331726
667.244	0.00453617	667.244	-0.00394470	667.244	0.0341140
667.667	0.00456807	667.667	-0.00391423	667.667	0.0339129
668.090	0.00461043	668.090	-0.00386808	668.090	0.0334647
668.513	0.00466904	668.513	-0.00395214	668.513	0.0322249
668.935	0.00467891	668.935	-0.00382490	668.935	0.0317216
669.358	0.00470742	669.358	-0.00384930	669.358	0.0299462
669.781	0.00476945	669.781	-0.00380499	669.781	0.0287522
670.204	0.00474455	670.204	-0.00377646	670.204	0.0285500
670.627	0.00482606	670.627	-0.00377799	670.627	0.0277097
671.050	0.00488044	671.050	-0.00385167	671.050	0.0253428
671.473	0.00494063	671.473	-0.00388151	671.473	0.0251884
671.896	0.00491960	671.896	-0.00391303	671.896	0.0249923
672.319	0.00492610	672.319	-0.00395246	672.319	0.0256798
672.742	0.00495050	672.742	-0.00413441	672.742	0.0250137
673.165	0.00501042	673.165	-0.00426586	673.165	0.0270669
673.588	0.00506034	673.588	-0.00439682	673.588	0.0279485
674.010	0.00511278	674.010	-0.00460014	674.010	0.0283372
674.433	0.00515303	674.433	-0.00482180	674.433	0.0297591
674.856	0.00517810	674.856	-0.00504062	674.856	0.0309130
675.279	0.00523737	675.279	-0.00522840	675.279	0.0338539
675.702	0.00533997	675.702	-0.00546718	675.702	0.0326353
676.125	0.00536694	676.125	-0.00561085	676.125	0.0364128
676.548	0.00546635	676.548	-0.00580837	676.548	0.0362386
676.971	0.00554666	676.971	-0.00601732	676.971	0.0362340
677.394	0.00559117	677.394	-0.00610743	677.394	0.0375334
677.817	0.00567503	677.817	-0.00622618	677.817	0.0372680
678.240	0.00572791	678.240	-0.00635021	678.240	0.0369994
678.663	0.00581970	678.663	-0.00633208	678.663	0.0360629
679.085	0.00587732	679.085	-0.00635599	679.085	0.0344315
679.508	0.00592219	679.508	-0.00634646	679.508	0.0339059
679.931	0.00594600	679.931	-0.00632775	679.931	0.0323846
680.354	0.00589985	680.354	-0.00618495	680.354	0.0337835
680.777	0.00594379	680.777	-0.00613899	680.777	0.0322363
681.200	0.00597672	681.200	-0.00604849	681.200	0.0321193
681.623	0.00598165	681.623	-0.00594532	681.623	0.0335015
682.046	0.00599600	682.046	-0.00586041	682.046	0.0358725
682.469	0.00601707	682.469	-0.00583346	682.469	0.0371851
682.892	0.00599881	682.892	-0.00582526	682.892	0.0404285
683.315	0.00599044	683.315	-0.00574254	683.315	0.0444362
683.738	0.00600415	683.738	-0.00575183	683.738	0.0479611
684.160	0.00599924	684.160	-0.00587064	684.160	0.0519343
684.583	0.00601066	684.583	-0.00596598	684.583	0.0577835
685.006	0.00605137	685.006	-0.00617864	685.006	0.0626721
685.429	0.00604584	685.429	-0.00632611	685.429	0.0690225
685.852	0.00610790	685.852	-0.00660679	685.852	0.0720901
686.275	0.00617678	686.275	-0.00685822	686.275	0.0763409
686.698	0.00622995	686.698	-0.00715245	686.698	0.0798366
687.121	0.00621637	687.121	-0.00752623	687.121	0.0823616
687.544	0.00633217	687.544	-0.00793720	687.544	0.0836805
687.967	0.00642935	687.967	-0.00833872	687.967	0.0838061
688.390	0.00650324	688.390	-0.00866049	688.390	0.0838504
688.813	0.00652325	688.813	-0.00907503	688.813	0.0807490
689.236	0.00663776	689.236	-0.00949579	689.236	0.0761951
689.658	0.00672667	689.658	-0.00984504	689.658	0.0702223
690.081	0.00671808	690.081	-0.0101661	690.081	0.0644435
690.504	0.00679011	690.504	-0.0104569	690.504	0.0576600
690.927	0.00685188	690.927	-0.0107634	690.927	0.0489809
691.350	0.00687903	691.350	-0.0109759	691.350	0.0408160
691.773	0.00688223	691.773	-0.0112664	691.773	0.0314674
692.196	0.00689542	692.196	-0.0114831	692.196	0.0222608
692.619	0.00692902	692.619	-0.0115512	692.619	0.0119143
693.042	0.00682610	693.042	-0.0116035	693.042	0.00437700
693.465	0.00678166	693.465	-0.0116789	693.465	-0.00333584
693.888	0.00674719	693.888	-0.0117217	693.888	-0.00817745
694.311	0.00674566	694.311	-0.0118468	694.311	-0.0132689
694.733	0.00662137	694.733	-0.0118801	694.733	-0.0142678
695.156	0.00660880	695.156	-0.0118893	695.156	-0.0152901
695.579	0.00648196	695.579	-0.0120013	695.579	-0.0139140
696.002	0.00640740	696.002	-0.0120504	696.002	-0.0105639
696.425	0.00634804	696.425	-0.0122484	696.425	-0.00743099
696.848	0.00629474	696.848	-0.0124651	696.848	-0.000201145
697.271	0.00622631	697.271	-0.0127241	697.271	0.00913299
697.694	0.00614144	697.694	-0.0130245	697.694	0.0200834
698.117	0.00604310	698.117	-0.0134693	698.117	0.0297223
698.540	0.00601574	698.540	-0.0138840	698.540	0.0394860
698.963	0.00597469	698.963	-0.0144714	698.963	0.0511226
699.386	0.00597612	699.386	-0.0151574	699.386	0.0599882
699.808	0.00597041	699.808	-0.0158043	699.808	0.0699539
700.231	0.00594011	700.231	-0.0164434	700.231	0.0776021
700.654	0.00592826	700.654	-0.0172424	700.654	0.0816256
701.077	0.00593922	701.077	-0.0180304	701.077	0.0861535
701.500	0.00602912	701.500	-0.0188777	701.500	0.0863645
701.923	0.00600102	701.923	-0.0196742	701.923	0.0878757
702.346	0.00602917	702.346	-0.0204191	702.346	0.0823759
702.769	0.00608125	702.769	-0.0212277	702.769	0.0788742
703.192	0.00603993	703.192	-0.0218871	703.192	0.0707268
703.615	0.00607947	703.615	-0.0225202	703.615	0.0637882
704.038	0.00607237	704.038	-0.0230783	704.038	0.0562006
704.461	0.00603939	704.461	-0.0236869	704.461	0.0427922
704.883	0.00614853	704.883	-0.0241600	704.883	0.0287092
705.306	0.00615163	705.306	-0.0245968	705.306	0.0158262
705.729	0.00616240	705.729	-0.0249989	705.729	0.00239613
706.152	0.00616352	706.152	-0.0251940	706.152	-0.0106809
706.575	0.00616116	706.575	-0.0253988	706.575	-0.0228254
706.998	0.00611622	706.998	-0.0256585	706.998	-0.0366197
707.421	0.00608500	707.421	-0.0259022	707.421	-0.0484567
707.844	0.00609206	707.844	-0.0259873	707.844	-0.0605767
708.267	0.00603037	708.267	-0.0260986	708.267	-0.0701413
708.690	0.00601312	708.690	-0.0263460	708.690	-0.0815243
709.113	0.00609406	709.113	-0.0265476	709.113	-0.0915531
709.536	0.00601549	709.536	-0.0267468	709.536	-0.101305
709.958	0.00597804	709.958	-0.0269064	709.958	-0.111022
710.381	0.00595941	710.381	-0.0272379	710.381	-0.116435
710.804	0.00583727	710.804	-0.0274745	710.804	-0.123654
711.227	0.00578341	711.227	-0.0278486	711.227	-0.131383
711.650	0.00576141	711.650	-0.0282697	711.650	-0.138191
712.073	0.00567636	712.073	-0.0287379	712.073	-0.143504
712.496	0.00556211	712.496	-0.0292111	712.496	-0.149078
712.919	0.00555622	712.919	-0.0298510	712.919	-0.156049
713.342	0.00556510	713.342	-0.0304787	713.342	-0.159600
713.765	0.00539390	713.765	-0.0310599	713.765	-0.163057
714.188	0.00536847	714.188	-0.0318032	714.188	-0.166783
714.611	0.00518175	714.611	-0.0324617	714.611	-0.170635
715.033	0.00520063	715.033	-0.0333174	715.033	-0.174509
715.456	0.00509691	715.456	-0.0339720	715.456	-0.175328
715.879	0.00505787	715.879	-0.0347181	715.879	-0.176366
716.302	0.00490022	716.302	-0.0353747	716.302	-0.172985
716.725	0.00476996	716.725	-0.0360568	716.725	-0.168685
717.148	0.00462691	717.148	-0.0365840	717.148	-0.163683
717.571	0.00461241	717.571	-0.0372665	717.571	-0.157702
717.994	0.00448912	717.994	-0.0377958	717.994	-0.146443
718.417	0.00437794	718.417	-0.0382744	718.417	-0.137754
718.840	0.00430035	718.840	-0.0387739	718.840	-0.123493
719.263	0.00421748	719.263	-0.0390875	719.263	-0.107878
719.686	0.00419228	719.686	-0.0395503	719.686	-0.0910605
720.108	0.00406570	720.108	-0.0398830	720.108	-0.0718537
720.531	0.00405094	720.531	-0.0403055	720.531	-0.0511734
720.954	0.00387746	720.954	-0.0407361	720.954	-0.0307074
721.377	0.00389373	721.377	-0.0410817	721.377	-0.0109735
721.800	0.00387729	721.800	-0.0415858	721.800	0.00628179
722.223	0.00390672	722.223	-0.0420832	722.223	0.0232412
722.646	0.00390810	722.646	-0.0424741	722.646	0.0371695
723.069	0.00394678	723.069	-0.0430879	723.069	0.0457625
723.492	0.00393452	723.492	-0.0436385	723.492	0.0547227
723.915	0.00398224	723.915	-0.0443068	723.915	0.0587222
724.338	0.00402516	724.338	-0.0448836	724.338	0.0605475
724.761	0.00416288	724.761	-0.0454946	724.761	0.0572090
725.183	0.00422316	725.183	-0.0461605	725.183	0.0529772
725.606	0.00425389	725.606	-0.0467804	725.606	0.0438266
726.029	0.00430691	726.029	-0.0473958	726.029	0.0333899
726.452	0.00444517	726.452	-0.0480457	726.452	0.0187842
726.875	0.00452860	726.875	-0.0487144	726.875	0.00370206
727.298	0.00469778	727.298	-0.0492130	727.298	-0.0164815
727.721	0.00479329	727.721	-0.0497292	727.721	-0.0368634
728.144	0.00495675	728.144	-0.0502080	728.144	-0.0615008
728.567	0.00511764	728.567	-0.0506786	728.567	-0.0854248
728.990	0.00527606	728.990	-0.0510527	728.990	-0.112636
729.413	0.00537453	729.413	-0.0512646	729.413	-0.138978
729.836	0.00554266	729.836	-0.0515582	729.836	-0.168944
730.258	0.00564640	730.258	-0.0515891	730.258	-0.199716
730.681	0.00577562	730.681	-0.0516132	730.681	-0.233010
731.104	0.00598879	731.104	-0.0514723	731.104	-0.267709
731.527	0.00616996	731.527	-0.0513192	731.527	-0.305337
731.950	0.00629402	731.950	-0.0507710	731.950	-0.342928
732.373	0.00646999	732.373	-0.0501823	732.373	-0.380611
732.796	0.00662876	732.796	-0.0493819	732.796	-0.417988
733.219	0.00677236	733.219	-0.0483564	733.219	-0.456091
733.642	0.00688154	733.642	-0.0471187	733.642	-0.486095
734.065	0.00702704	734.065	-0.0456068	734.065	-0.515420
734.488	0.00695528	734.488	-0.0436399	734.488	-0.533048
734.911	0.00700371	734.911	-0.0416704	734.911	-0.542151
735.333	0.00691584	735.333	-0.0394683	735.333	-0.538785
735.756	0.00666893	735.756	-0.0369899	735.756	-0.516162
736.179	0.00637085	736.179	-0.0347509	736.179	-0.471337
736.602	0.00586945	736.602	-0.0327391	736.602	-0.393267
737.025	0.00532615	737.025	-0.0311755	737.025	-0.293815
737.448	0.00472452	737.448	-0.0302880	737.448	-0.169517
737.871	0.00418434	737.871	-0.0302623	737.871	-0.0257108
738.294	0.00374441	738.294	-0.0310824	738.294	0.124188
738.717	0.00329520	738.717	-0.0326098	738.717	0.266537
739.140	0.00306233	739.140	-0.0348132	739.140	0.399346
739.563	0.00292674	739.563	-0.0371705	739.563	0.505704
739.986	0.00308135	739.986	-0.0399399	739.986	0.583571
740.408	0.00318639	740.408	-0.0424600	740.408	0.637163
740.831	0.00350464	740.831	-0.0449953	740.831	0.667300
741.254	0.00374749	741.254	-0.0473056	741.254	0.679834
741.677	0.00396961	741.677	-0.0493379	741.677	0.675629
742.100	0.00432651	742.100	-0.0512113	742.100	0.658328
742.523	0.00469667	742.523	-0.0528883	742.523	0.634358
742.946	0.00503977	742.946	-0.0543381	742.946	0.604564
743.369	0.00530579	743.369	-0.0556031	743.369	0.571455
743.792	0.00564577	743.792	-0.0567528	743.792	0.535435
744.215	0.00586657	744.215	-0.0577349	744.215	0.496741
744.638	0.00612898	744.638	-0.0585150	744.638	0.458331
745.061	0.00645699	745.061	-0.0592525	745.061	0.418243
745.483	0.00662761	745.483	-0.0598243	745.483	0.378214
745.906	0.00691320	745.906	-0.0605046	745.906	0.337916
746.329	0.00708753	746.329	-0.0609314	746.329	0.298956
746.752	0.00730701	746.752	-0.0612907	746.752	0.258281
747.175	0.00749478	747.175	-0.0616640	747.175	0.221002
747.598	0.00769084	747.598	-0.0619157	747.598	0.183946
748.021	0.00782285	748.021	-0.0621220	748.021	0.148171
748.444	0.00796091	748.444	-0.0623801	748.444	0.112230
748.867	0.00813753	748.867	-0.0624978	748.867	0.0776813
749.290	0.00830442	749.290	-0.0626081	749.290	0.0445639
749.713	0.00832649	749.713	-0.0626669	749.713	0.0145151
750.136	0.00849112	750.136	-0.0627592	750.136	-0.0126939
750.558	0.00852255	750.558	-0.0627098	750.558	-0.0355315
750.981	0.00854534	750.981	-0.0626636	750.981	-0.0578867
751.404	0.00848793	751.404	-0.0625042	751.404	-0.0728904
751.827	0.00846541	751.827	-0.0625234	751.827	-0.0832195
752.250	0.00837464	752.250	-0.0623450	752.250	-0.0878191
752.673	0.00825625	752.673	-0.0622698	752.673	-0.0847116
753.096	0.00814068	753.096	-0.0621291	753.096	-0.0771210
753.519	0.00798086	753.519	-0.0620645	753.519	-0.0585174
753.942	0.00775662	753.942	-0.0618584	753.942	-0.0307420
754.365	0.00755701	754.365	-0.0619391	754.365	0.00627584
754.788	0.00722351	754.788	-0.0618429	754.788	0.0506645
755.211	0.00687436	755.211	-0.0618102	755.211	0.101951
755.633	0.00658424	755.633	-0.0619547	755.633	0.158665
756.056	0.00622650	756.056	-0.0621503	756.056	0.217491
756.479	0.00585808	756.479	-0.0624664	756.479	0.282170
756.902	0.00566029	756.902	-0.0629166	756.902	0.337740
757.325	0.00537462	757.325	-0.0633583	757.325	0.392735
757.748	0.00507263	757.748	-0.0638996	757.748	0.441649
758.171	0.00482319	758.171	-0.0646093	758.171	0.481950
758.594	0.00460029	758.594	-0.0654358	758.594	0.513963
759.017	0.00444626	759.017	-0.0664062	759.017	0.536565
759.440	0.00418563	759.440	-0.0672612	759.440	0.551466
759.863	0.00412440	759.863	-0.0682326	759.863	0.555332
760.286	0.00400682	760.286	-0.0692664	760.286	0.547965
760.708	0.00393574	760.708	-0.0704179	760.708	0.534066
761.131	0.00375781	761.131	-0.0715493	761.131	0.516302
761.554	0.00359216	761.554	-0.0726828	761.554	0.490000
761.977	0.00346996	761.977	-0.0739195	761.977	0.462200
762.400	0.00333893	762.400	-0.0751585	762.400	0.427872
762.823	0.00319861	762.823	-0.0763353	762.823	0.389754
763.246	0.00307069	763.246	-0.0776680	763.246	0.344821
763.669	0.00286601	763.669	-0.0789375	763.669	0.302759
764.092	0.00275779	764.092	-0.0802125	764.092	0.255325
764.515	0.00257234	764.515	-0.0815712	764.515	0.209444
764.938	0.00225876	764.938	-0.0827865	764.938	0.164392
765.361	0.00204555	765.361	-0.0840390	765.361	0.119735
765.783	0.00180982	765.783	-0.0852927	765.783	0.0754735
766.206	0.00154797	766.206	-0.0865333	766.206	0.0310293
766.629	0.00123128	766.629	-0.0877205	766.629	-0.0112927
767.052	0.000898666	767.052	-0.0888588	767.052	-0.0503538
767.475	0.000554765	767.475	-0.0897912	767.475	-0.0868694
767.898	7.66818e-05	767.898	-0.0908063	767.898	-0.122376
768.321	-0.000263962	768.321	-0.0915343	768.321	-0.156393
768.744	-0.000693822	768.744	-0.0922229	768.744	-0.190524
769.167	-0.00117277	769.167	-0.0926090	769.167	-0.223614
769.590	-0.00162469	769.590	-0.0931260	769.590	-0.253910
770.013	-0.00212527	770.013	-0.0932161	770.013	-0.282265
770.436	-0.00257025	770.436	-0.0930194	770.436	-0.312385
770.858	-0.00296219	770.858	-0.0929237	770.858	-0.339343
771.281	-0.00341534	771.281	-0.0919916	771.281	-0.363762
771.704	-0.00385718	771.704	-0.0909788	771.704	-0.382647
772.127	-0.00439933	772.127	-0.0895010	772.127	-0.401018
772.550	-0.00482747	772.550	-0.0877092	772.550	-0.418819
772.973	-0.00503077	772.973	-0.0859163	772.973	-0.435159
773.396	-0.00530912	773.396	-0.0831791	773.396	-0.444656
773.819	-0.00552340	773.819	-0.0802795	773.819	-0.450083
774.242	-0.00596211	774.242	-0.0769289	774.242	-0.449289
774.665	-0.00637264	774.665	-0.0733758	774.665	-0.446666
775.088	-0.00639439	775.088	-0.0695003	775.088	-0.441810
775.511	-0.00648468	775.511	-0.0652920	775.511	-0.430705
775.933	-0.00657961	775.933	-0.0608795	775.933	-0.418416
776.356	-0.00637036	776.356	-0.0564575	776.356	-0.403160
776.779	-0.00623832	776.779	-0.0519100	776.779	-0.380224
777.202	-0.00624436	777.202	-0.0474441	777.202	-0.355970
777.625	-0.00582273	777.625	-0.0430718	777.625	-0.331854
778.048	-0.00550860	778.048	-0.0387959	778.048	-0.311313
778.471	-0.00517360	778.471	-0.0349224	778.471	-0.290634
778.894	-0.00498516	778.894	-0.0309862	778.894	-0.258886
779.317	-0.00459562	779.317	-0.0278736	779.317	-0.237700
779.740	-0.00445372	779.740	-0.0246521	779.740	-0.210369
780.163	-0.00402779	780.163	-0.0215731	780.163	-0.190370
780.586	-0.00399763	780.586	-0.0188034	780.586	-0.166277
781.009	-0.00368524	781.009	-0.0167161	781.009	-0.146166
781.431	-0.00332650	781.431	-0.0145577	781.431	-0.129322
781.854	-0.00301837	781.854	-0.0126632	781.854	-0.111993
782.277	-0.00266066	782.277	-0.0111397	782.277	-0.0986234
782.700	-0.00242642	782.700	-0.00975119	782.700	-0.0865560
783.123	-0.00207647	783.123	-0.00851284	783.123	-0.0765572
783.546	-0.00197959	783.546	-0.00734316	783.546	-0.0654871
783.969	-0.00165984	783.969	-0.00670109	783.969	-0.0627257
784.392	-0.00165880	784.392	-0.00590279	784.392	-0.0523022
784.815	-0.00160934	784.815	-0.00498039	784.815	-0.0479557
785.238	-0.00152150	785.238	-0.00454232	785.238	-0.0430326
785.661	-0.00152601	785.661	-0.00416334	785.661	-0.0415937
786.084	-0.00145448	786.084	-0.00358264	786.084	-0.0371305
786.506	-0.00108108	786.506	-0.00310618	786.506	-0.0368582
786.929	-0.000952575	786.929	-0.00270875	786.929	-0.0359705
787.352	-0.00101107	787.352	-0.00252026	787.352	-0.0332201
787.775	-0.000826460	787.775	-0.00234863	787.775	-0.0301986
788.198	-0.000777779	788.198	-0.00201255	788.198	-0.0287449
788.621	-0.000742843	788.621	-0.00183840	788.621	-0.0245635
789.044	-0.000813775	789.044	-0.00164592	789.044	-0.0214826
789.467	-0.000953360	789.467	-0.00145388	789.467	-0.0186259
789.890	-0.000946254	789.890	-0.00123668	789.890	-0.0155468
790.313	-0.000715390	790.313	-0.00115183	790.313	-0.0139105
790.736	-0.000542778	790.736	-0.000884720	790.736	-0.0152844
791.159	-0.000417951	791.159	-0.000754405	791.159	-0.0146463
791.581	-0.000461561	791.581	-0.000787582	791.581	-0.0145411
792.004	-0.000557107	792.004	-0.000714356	792.004	-0.0114054
792.427	-0.000874759	792.427	-0.000202553	792.427	-0.00512969
792.850	-0.000938921	792.850	3.08608e-06	792.850	-0.00640051
793.273	-0.000675220	793.273	-0.000109907	793.273	-0.00977775
793.696	-0.000536059	793.696	0.000295722	793.696	-0.0111024
794.119	-0.000722686	794.119	0.000744717	794.119	-0.0112076
794.542	-0.000795486	794.542	0.000577357	794.542	-0.0115430
794.965	-0.000892416	794.965	0.000792541	794.965	-0.0104616
795.388	-0.00103338	795.388	0.00138763	795.388	-0.00970540
795.811	-0.000976342	795.811	0.00147334	795.811	-0.0133978
796.234	-0.000817137	796.234	0.00120266	796.234	-0.0226487
796.656	-0.00106479	796.656	0.00150868	796.656	-0.0190799
797.079	-0.00139627	797.079	0.00185059	797.079	-0.0167805
797.502	-0.00155431	797.502	0.00158829	797.502	-0.0230153
797.925	-0.00156988	797.925	0.00169845	797.925	-0.0274140
798.348	-0.00167358	798.348	0.00194129	798.348	-0.0302484
798.771	-0.00199551	798.771	0.00179814	798.771	-0.0257820
799.194	-0.00186661	799.194	0.00159953	799.194	-0.0244446
799.617	-0.00187541	799.617	0.00151851	799.617	-0.0210217
