XComp1	Comp1	XComp2	Comp2	XComp3	Comp3
-1.07026	1.06033e-47	-1.07026	1.06131e-47	-1.07026	7.48308e-48
-1.03686	6.74939e-45	-1.03686	6.75580e-45	-1.03686	4.71926e-45
-1.00366	3.38119e-42	-1.00366	3.38451e-42	-1.00366	2.34128e-42
-0.970260	1.43685e-39	-0.970260	1.43831e-39	-0.970260	9.84706e-40
-0.936860	4.98651e-37	-0.936860	4.99174e-37	-0.936860	3.38018e-37
-0.903660	1.36720e-34	-0.903660	1.36869e-34	-0.903660	9.16165e-35
-0.870260	3.16910e-32	-0.870260	3.17267e-32	-0.870260	2.09765e-32
-0.836860	6.00061e-30	-0.836860	6.00764e-30	-0.836860	3.92020e-30
-0.803660	9.01178e-28	-0.803660	9.02277e-28	-0.803660	5.80636e-28
-0.770260	1.14041e-25	-0.770260	1.14185e-25	-0.770260	7.23912e-26
-0.736860	1.17931e-23	-0.736860	1.18087e-23	-0.736860	7.36767e-24
-0.703660	9.71184e-22	-0.703660	9.72530e-22	-0.703660	5.96518e-22
-0.670260	6.71802e-20	-0.670260	6.72777e-20	-0.670260	4.05113e-20
-0.636860	3.79954e-18	-0.636860	3.80533e-18	-0.636860	2.24620e-18
-0.603660	1.71854e-16	-0.603660	1.72130e-16	-0.603660	9.94518e-17
-0.570260	6.51010e-15	-0.570260	6.52112e-15	-0.570260	3.68065e-15
-0.536860	2.01797e-13	-0.536860	2.02159e-13	-0.536860	1.11233e-13
-0.503660	5.02515e-12	-0.503660	5.03470e-12	-0.503660	2.69457e-12
-0.470260	1.04543e-10	-0.470260	1.04755e-10	-0.470260	5.43760e-11
-0.436860	1.78197e-09	-0.436860	1.78583e-09	-0.436860	8.96231e-10
-0.403660	2.45261e-08	-0.403660	2.45831e-08	-0.403660	1.18869e-08
-0.370260	2.81524e-07	-0.370260	2.82230e-07	-0.370260	1.30895e-07
-0.336860	2.65356e-06	-0.336860	2.66079e-06	-0.336860	1.17763e-06
-0.303660	2.03227e-05	-0.303660	2.03831e-05	-0.303660	8.55957e-06
-0.270260	0.000129784	-0.270260	0.000130209	-0.270260	5.14872e-05
-0.236860	0.000683489	-0.236860	0.000685970	-0.236860	0.000253145
-0.203660	0.00295062	-0.203660	0.00296260	-0.203660	0.00100968
-0.170260	0.0106583	-0.170260	0.0107073	-0.170260	0.00332261
-0.136860	0.0320387	-0.136860	0.0322074	-0.136860	0.00894291
-0.103660	0.0801606	-0.103660	0.0806507	-0.103660	0.0196116
-0.0702602	0.169977	-0.0702602	0.171203	-0.0702602	0.0353865
-0.0368602	0.306537	-0.0368602	0.309188	-0.0368602	0.0522763
-0.00366025	0.475214	-0.00366025	0.480214	-0.00366025	0.0632235
0.0297398	0.647578	0.0297398	0.655995	0.0297398	0.0627757
0.0631398	0.790245	0.0631398	0.803050	0.0631398	0.0511183
0.0963398	0.885386	0.0963398	0.903273	0.0963398	0.0342677
0.129740	0.936469	0.129740	0.959907	0.129740	0.0188389
0.163140	0.956683	0.163140	0.985879	0.163140	0.00851947
0.196340	0.960577	0.196340	0.995565	0.196340	0.00319483
0.229740	0.957712	0.229740	0.998525	0.229740	0.000983753
0.263140	0.952603	0.263140	0.999214	0.263140	0.000250702
0.296340	0.946954	0.296340	0.999297	0.296340	5.35798e-05
0.329740	0.941175	0.329740	0.999248	0.329740	9.46846e-06
0.363140	0.935408	0.363140	0.999176	0.363140	1.40414e-06
0.396340	0.929708	0.396340	0.999101	0.396340	1.78465e-07
0.429740	0.924008	0.429740	0.999025	0.429740	1.91742e-08
0.463140	0.918343	0.463140	0.998949	0.463140	1.78874e-09
0.496340	0.912746	0.496340	0.998874	0.496340	1.49993e-10
0.529740	0.907150	0.529740	0.998799	0.529740	1.12349e-11
0.563140	0.901588	0.563140	0.998723	0.563140	7.83177e-13
0.596340	0.896094	0.596340	0.998648	0.596340	5.29910e-14
0.629740	0.890600	0.629740	0.998572	0.629740	3.44003e-15
0.663140	0.885139	0.663140	0.998496	0.663140	2.20773e-16
0.696340	0.879745	0.696340	0.998421	0.696340	1.43432e-17
0.729740	0.874351	0.729740	0.998345	0.729740	9.15463e-19
0.763140	0.868991	0.763140	0.998270	0.763140	5.84120e-20
0.796340	0.863695	0.796340	0.998194	0.796340	3.78874e-21
0.829740	0.858399	0.829740	0.998119	0.829740	2.41727e-22
0.863140	0.853137	0.863140	0.998043	0.863140	1.54226e-23
0.896340	0.847937	0.896340	0.997968	0.896340	1.00033e-24
0.929740	0.842738	0.929740	0.997892	0.929740	6.38226e-26
1.00954	0.830446	1.00954	0.997712	1.00954	8.90123e-29
1.09574	0.817370	1.09574	0.997516	1.09574	7.32674e-32
1.18874	0.803492	1.18874	0.997306	1.18874	3.44385e-35
1.28914	0.788775	1.28914	0.997079	1.28914	8.79790e-39
1.39754	0.773187	1.39754	0.996833	1.39754	1.16264e-42
1.51454	0.756709	1.51454	0.996569	1.51454	7.56441e-47
1.64114	0.739273	1.64114	0.996282	1.64114	2.23142e-51
1.77754	0.720938	1.77754	0.995974	1.77754	2.93569e-56
1.92494	0.701634	1.92494	0.995641	1.92494	1.56035e-61
2.08414	0.681365	2.08414	0.995281	2.08414	3.13679e-67
2.25614	0.660125	2.25614	0.994893	2.25614	2.19645e-73
2.44154	0.637970	2.44154	0.994474	2.44154	5.09867e-80
2.64194	0.614858	2.64194	0.994022	2.64194	3.43907e-87
2.85834	0.590841	2.85834	0.993534	2.85834	6.20709e-95
3.09194	0.565966	3.09194	0.993008	3.09194	2.71556e-103
3.34434	0.540265	3.34434	0.992439	3.34434	2.52406e-112
3.61674	0.513836	3.61674	0.991826	3.61674	4.51514e-122
3.91074	0.486759	3.91074	0.991164	3.91074	1.36244e-132
4.22834	0.459110	4.22834	0.990450	4.22834	5.88130e-144
4.57134	0.431011	4.57134	0.989679	4.57134	3.13132e-156
4.94154	0.402611	4.94154	0.988848	4.94154	1.77285e-169
5.34134	0.374037	5.34134	0.987951	5.34134	8.75834e-184
5.77314	0.345450	5.77314	0.986984	5.77314	3.09813e-199
6.23934	0.317034	6.23934	0.985940	6.23934	6.43911e-216
6.74274	0.288969	6.74274	0.984814	6.74274	6.24316e-234
7.28614	0.261455	7.28614	0.983600	7.28614	2.24204e-253
7.87294	0.234678	7.87294	0.982291	7.87294	2.25360e-274
8.50674	0.208829	8.50674	0.980879	8.50674	4.71286e-297
9.19094	0.184110	9.19094	0.979358	9.19094	1.55000e-321
9.92974	0.160694	9.92974	0.977717	9.92974	0.00000
10.7275	0.138740	10.7275	0.975948	10.7275	0.00000
11.5889	0.118391	11.5889	0.974042	11.5889	0.00000
12.5189	0.0997588	12.5189	0.971989	12.5189	0.00000
13.5233	0.0829151	13.5233	0.969776	13.5233	0.00000
14.6077	0.0679076	14.6077	0.967392	14.6077	0.00000
15.7787	0.0547367	15.7787	0.964824	15.7787	0.00000
17.0429	0.0433696	17.0429	0.962060	17.0429	0.00000
18.4081	0.0337300	18.4081	0.959084	18.4081	0.00000
19.8823	0.0257117	19.8823	0.955881	19.8823	0.00000
21.4741	0.0191796	21.4741	0.952434	21.4741	0.00000
23.1927	0.0139769	23.1927	0.948726	23.1927	0.00000
25.0485	0.00993139	25.0485	0.944739	25.0485	0.00000
27.0525	0.00686686	27.0525	0.940452	27.0525	0.00000
29.2161	0.00461046	29.2161	0.935846	29.2161	0.00000
31.5525	0.00299855	31.5525	0.930897	31.5525	0.00000
34.0751	0.00188447	34.0751	0.925582	34.0751	0.00000
36.7991	0.00114120	36.7991	0.919878	36.7991	0.00000
39.7405	0.000663973	39.7405	0.913758	39.7405	0.00000
42.9163	0.000369994	42.9163	0.907196	42.9163	0.00000
46.3455	0.000196777	46.3455	0.900163	46.3455	0.00000
50.0485	9.95087e-05	50.0485	0.892630	50.0485	0.00000
54.0467	4.76586e-05	54.0467	0.884567	54.0467	0.00000
58.3639	2.15235e-05	58.3639	0.875943	58.3639	0.00000
63.0255	9.12311e-06	63.0255	0.866725	63.0255	0.00000
68.0589	3.61112e-06	68.0589	0.856880	68.0589	0.00000
73.4939	1.32748e-06	73.4939	0.846376	73.4939	0.00000
79.3625	4.50546e-07	79.3625	0.835178	79.3625	0.00000
85.6993	1.40285e-07	85.6993	0.823254	85.6993	0.00000
92.5415	3.97986e-08	92.5415	0.810569	92.5415	0.00000
99.9297	1.02109e-08	99.9297	0.797091	99.9297	0.00000
107.907	2.35032e-09	107.907	0.782790	107.907	0.00000
116.521	4.81190e-10	116.521	0.767636	116.521	0.00000
125.822	8.68034e-11	125.822	0.751602	125.822	0.00000
135.865	1.36596e-11	135.865	0.734665	135.865	0.00000
146.710	1.85462e-12	146.710	0.716805	146.710	0.00000
158.419	2.14735e-13	158.419	0.698007	158.419	0.00000
171.063	2.09344e-14	171.063	0.678264	171.063	0.00000
184.715	1.69492e-15	184.715	0.657571	184.715	0.00000
199.456	1.12294e-16	199.456	0.635936	199.456	0.00000
215.373	5.99131e-18	215.373	0.613374	215.373	0.00000
232.560	2.53006e-19	232.560	0.589910	232.560	0.00000
251.118	8.30085e-21	251.118	0.565581	251.118	0.00000
271.157	2.07356e-22	271.157	0.540436	271.157	0.00000
292.794	3.85902e-24	292.794	0.514539	292.794	0.00000
316.158	5.22638e-26	316.158	0.487968	316.158	0.00000
341.385	5.02227e-28	341.385	0.460815	341.385	0.00000
368.624	3.33153e-30	368.624	0.433191	368.624	0.00000
398.037	1.48128e-32	398.037	0.405219	398.037	0.00000
429.796	4.27561e-35	429.796	0.377040	429.796	0.00000
464.089	7.74029e-38	464.089	0.348810	464.089	0.00000
501.117	8.46732e-41	501.117	0.320695	501.117	0.00000
541.099	5.37669e-44	541.099	0.292877	541.099	0.00000
584.271	1.89776e-47	584.271	0.265543	584.271	0.00000
630.887	3.55262e-51	630.887	0.238885	630.887	0.00000
681.222	3.35347e-55	681.222	0.213098	681.222	0.00000
735.572	1.51122e-59	735.572	0.188370	735.572	0.00000
794.258	3.06511e-64	794.258	0.164880	794.258	0.00000
857.626	2.62540e-69	857.626	0.142795	857.626	0.00000
926.049	8.86513e-75	926.049	0.122257	926.049	0.00000
999.930	1.09573e-80	999.930	0.103385	999.930	0.00000
1079.70	4.57514e-87	1079.70	0.0862639	1079.70	0.00000
