-1.00000
-0.96660
-0.93340
-0.90000
-0.86660
-0.83340
-0.80000
-0.76660
-0.73340
-0.70000
-0.66660
-0.63340
-0.60000
-0.56660
-0.53340
-0.50000
-0.46660
-0.43340
-0.40000
-0.36660
-0.33340
-0.30000
-0.26660
-0.23340
-0.20000
-0.16660
-0.13340
-0.10000
-0.06660
-0.03340
0.00000
0.03340
0.06660
0.10000
0.13340
0.16660
0.20000
0.23340
0.26660
0.30000
0.33340
0.36660
0.40000
0.43340
0.46660
0.50000
0.53340
0.56660
0.60000
0.63340
0.66660
0.70000
0.73340
0.76660
0.80000
0.83340
0.86660
0.90000
0.93340
0.96660
1.00000
1.07980
1.16600
1.25900
1.35940
1.46780
1.58480
1.71140
1.84780
1.99520
2.15440
2.32640
2.51180
2.71220
2.92860
3.16220
3.41460
3.68700
3.98100
4.29860
4.64160
5.01180
5.41160
5.84340
6.30960
6.81300
7.35640
7.94320
8.57700
9.26120
10.00000
10.79780
11.65920
12.58920
13.59360
14.67800
15.84900
17.11320
18.47840
19.95260
21.54440
23.26300
25.11880
27.12280
29.28640
31.62280
34.14540
36.86940
39.81080
42.98660
46.41580
50.11880
54.11700
58.43420
63.09580
68.12920
73.56420
79.43280
85.76960
92.61180
100.00000
107.97760
116.59140
125.89260
135.93560
146.78000
158.48940
171.13280
184.78500
199.52620
215.44340
232.63060
251.18860
271.22720
292.86440
316.22780
341.45480
368.69460
398.10720
429.86620
464.15880
501.18720
541.16960
584.34140
630.95740
681.29200
735.64220
794.32820
857.69580
926.11880
1000.00000
1079.77520
